Initializing GLUT...
Initializing OpenGL...
OpenGL Version: 4.1 INTEL-14.7.8
OpenGL Renderer: Intel(R) Iris(TM) Plus Graphics 655
Shading Language Version: 4.10
Max available anisotropic samples: 16.000000
track.txt
Loaded 1 spline(s).
Num control points in spline 0: 48.
PISIDHSUDHSUDHPoints: 6.005 0 5.002
Tanget: 0.928809 0 0.370559
Nornmal -0.323556 -0.48744 0.810996
BiNormal: 0.180625 -0.873156 -0.452739
Points: 6.05518 0 5.02176
Tanget: 0.932071 0 0.362275
Nornmal -0.316325 -0.487425 0.813852
BiNormal: 0.176582 -0.873165 -0.454315
Points: 6.10565 0 5.04112
Tanget: 0.935224 0 0.354057
Nornmal -0.309153 -0.487411 0.816612
BiNormal: 0.172571 -0.873173 -0.455838
Points: 6.1564 0 5.06008
Tanget: 0.93827 0 0.345904
Nornmal -0.302037 -0.487397 0.819279
BiNormal: 0.168593 -0.873181 -0.45731
Points: 6.20742 0 5.07864
Tanget: 0.941213 0 0.337814
Nornmal -0.294975 -0.487383 0.821856
BiNormal: 0.164645 -0.873188 -0.458731
Points: 6.2587 0 5.0968
Tanget: 0.944056 0 0.329785
Nornmal -0.287967 -0.48737 0.824346
BiNormal: 0.160727 -0.873196 -0.460104
Points: 6.31024 0 5.11456
Tanget: 0.946802 0 0.321816
Nornmal -0.281011 -0.487356 0.826751
BiNormal: 0.156839 -0.873203 -0.46143
Points: 6.36202 0 5.13192
Tanget: 0.949455 0 0.313905
Nornmal -0.274105 -0.487343 0.829074
BiNormal: 0.152979 -0.87321 -0.46271
Points: 6.41404 0 5.14888
Tanget: 0.952016 0 0.306049
Nornmal -0.267247 -0.487331 0.831317
BiNormal: 0.149147 -0.873217 -0.463947
Points: 6.46629 0 5.16544
Tanget: 0.954489 0 0.298247
Nornmal -0.260437 -0.487318 0.833483
BiNormal: 0.145341 -0.873224 -0.46514
Points: 6.51876 0 5.1816
Tanget: 0.956876 0 0.290498
Nornmal -0.253672 -0.487306 0.835574
BiNormal: 0.141561 -0.873231 -0.466291
Points: 6.57143 0 5.19736
Tanget: 0.959179 0 0.282798
Nornmal -0.24695 -0.487294 0.837592
BiNormal: 0.137806 -0.873238 -0.467402
Points: 6.6243 0 5.21272
Tanget: 0.961402 0 0.275147
Nornmal -0.240271 -0.487282 0.839539
BiNormal: 0.134074 -0.873245 -0.468474
Points: 6.67737 0 5.22768
Tanget: 0.963546 0 0.267542
Nornmal -0.233631 -0.487271 0.841418
BiNormal: 0.130365 -0.873251 -0.469508
Points: 6.73062 0 5.24224
Tanget: 0.965614 0 0.259982
Nornmal -0.227031 -0.487259 0.843229
BiNormal: 0.126678 -0.873257 -0.470504
Points: 6.78404 0 5.2564
Tanget: 0.967606 0 0.252463
Nornmal -0.220467 -0.487248 0.844976
BiNormal: 0.123012 -0.873264 -0.471464
Points: 6.83762 0 5.27016
Tanget: 0.969527 0 0.244985
Nornmal -0.213938 -0.487237 0.846659
BiNormal: 0.119366 -0.87327 -0.472389
Points: 6.89136 0 5.28352
Tanget: 0.971376 0 0.237546
Nornmal -0.207443 -0.487226 0.84828
BiNormal: 0.115738 -0.873276 -0.47328
Points: 6.94525 0 5.29648
Tanget: 0.973157 0 0.230142
Nornmal -0.200979 -0.487215 0.849841
BiNormal: 0.112129 -0.873282 -0.474137
Points: 6.99927 0 5.30904
Tanget: 0.97487 0 0.222773
Nornmal -0.194545 -0.487204 0.851343
BiNormal: 0.108536 -0.873288 -0.474961
Points: 7.05342 0 5.3212
Tanget: 0.976518 0 0.215435
Nornmal -0.188138 -0.487194 0.852787
BiNormal: 0.104959 -0.873294 -0.475754
Points: 7.10769 0 5.33296
Tanget: 0.978102 0 0.208128
Nornmal -0.181758 -0.487184 0.854176
BiNormal: 0.101396 -0.8733 -0.476515
Points: 7.16207 0 5.34432
Tanget: 0.979622 0 0.200848
Nornmal -0.175402 -0.487173 0.85551
BiNormal: 0.0978478 -0.873305 -0.477246
Points: 7.21655 0 5.35528
Tanget: 0.981082 0 0.193594
Nornmal -0.169068 -0.487163 0.856789
BiNormal: 0.0943118 -0.873311 -0.477947
Points: 7.27113 0 5.36584
Tanget: 0.982481 0 0.186364
Nornmal -0.162754 -0.487153 0.858017
BiNormal: 0.0907876 -0.873317 -0.478619
Points: 7.32578 0 5.376
Tanget: 0.983821 0 0.179155
Nornmal -0.15646 -0.487143 0.859193
BiNormal: 0.0872739 -0.873322 -0.479262
Points: 7.38051 0 5.38576
Tanget: 0.985103 0 0.171965
Nornmal -0.150182 -0.487133 0.860318
BiNormal: 0.0837698 -0.873328 -0.479876
Points: 7.43531 0 5.39512
Tanget: 0.986328 0 0.164792
Nornmal -0.143919 -0.487123 0.861393
BiNormal: 0.0802742 -0.873333 -0.480464
Points: 7.49016 0 5.40408
Tanget: 0.987497 0 0.157635
Nornmal -0.137668 -0.487114 0.86242
BiNormal: 0.076786 -0.873339 -0.481023
Points: 7.54506 0 5.41264
Tanget: 0.988612 0 0.15049
Nornmal -0.131429 -0.487104 0.863398
BiNormal: 0.0733041 -0.873344 -0.481556
Points: 7.6 0 5.4208
Tanget: 0.989671 0 0.143355
Nornmal -0.125199 -0.487094 0.864329
BiNormal: 0.0698274 -0.873349 -0.482063
Points: 7.65496 0 5.42856
Tanget: 0.990677 0 0.136229
Nornmal -0.118976 -0.487085 0.865213
BiNormal: 0.0663549 -0.873355 -0.482544
Points: 7.70995 0 5.43592
Tanget: 0.991631 0 0.129108
Nornmal -0.112758 -0.487075 0.866051
BiNormal: 0.0628854 -0.87336 -0.482998
Points: 7.76494 0 5.44288
Tanget: 0.992531 0 0.121992
Nornmal -0.106543 -0.487065 0.866843
BiNormal: 0.0594179 -0.873365 -0.483428
Points: 7.81994 0 5.44944
Tanget: 0.99338 0 0.114876
Nornmal -0.10033 -0.487056 0.867589
BiNormal: 0.0559512 -0.873371 -0.483831
Points: 7.87494 0 5.4556
Tanget: 0.994177 0 0.10776
Nornmal -0.0941151 -0.487046 0.86829
BiNormal: 0.0524842 -0.873376 -0.48421
Points: 7.92991 0 5.46136
Tanget: 0.994923 0 0.100641
Nornmal -0.0878977 -0.487037 0.868947
BiNormal: 0.0490157 -0.873381 -0.484564
Points: 7.98486 0 5.46672
Tanget: 0.995618 0 0.0935156
Nornmal -0.0816753 -0.487027 0.869559
BiNormal: 0.0455446 -0.873387 -0.484893
Points: 8.03978 0 5.47168
Tanget: 0.996262 0 0.0863825
Nornmal -0.0754458 -0.487018 0.870127
BiNormal: 0.0420698 -0.873392 -0.485197
Points: 8.09466 0 5.47624
Tanget: 0.996856 0 0.0792391
Nornmal -0.0692072 -0.487008 0.870651
BiNormal: 0.0385901 -0.873397 -0.485477
Points: 8.14948 0 5.4804
Tanget: 0.997399 0 0.0720828
Nornmal -0.0629573 -0.486999 0.871131
BiNormal: 0.0351042 -0.873403 -0.485732
Points: 8.20424 0 5.48416
Tanget: 0.997891 0 0.0649111
Nornmal -0.0566939 -0.486989 0.871566
BiNormal: 0.031611 -0.873408 -0.485962
Points: 8.25893 0 5.48752
Tanget: 0.998333 0 0.0577217
Nornmal -0.0504149 -0.486979 0.871957
BiNormal: 0.0281093 -0.873414 -0.486167
Points: 8.31355 0 5.49048
Tanget: 0.998723 0 0.050512
Nornmal -0.0441181 -0.48697 0.872304
BiNormal: 0.0245978 -0.873419 -0.486348
Points: 8.36807 0 5.49304
Tanget: 0.999063 0 0.0432794
Nornmal -0.0378013 -0.48696 0.872606
BiNormal: 0.0210753 -0.873424 -0.486504
Points: 8.4225 0 5.4952
Tanget: 0.999351 0 0.0360213
Nornmal -0.0314621 -0.48695 0.872863
BiNormal: 0.0175406 -0.87343 -0.486634
Points: 8.47682 0 5.49696
Tanget: 0.999587 0 0.0287351
Nornmal -0.0250983 -0.48694 0.873075
BiNormal: 0.0139923 -0.873435 -0.486739
Points: 8.53103 0 5.49832
Tanget: 0.999771 0 0.0214182
Nornmal -0.0187075 -0.48693 0.873241
BiNormal: 0.0104292 -0.873441 -0.486819
Points: 8.58511 0 5.49928
Tanget: 0.999901 0 0.0140678
Nornmal -0.0122875 -0.48692 0.87336
BiNormal: 0.00684989 -0.873446 -0.486872
Points: 8.63907 0 5.49984
Tanget: 0.999978 0 0.0066812
Nornmal -0.00583571 -0.48691 0.873433
BiNormal: 0.00325314 -0.873452 -0.486899
Points: 8.69287 0 5.5
Tanget: 1 0 -0.000744394
Nornmal 0.000650197 -0.4869 0.873458
BiNormal: -0.000362445 -0.873458 -0.4869
Points: 8.74653 0 5.49976
Tanget: 0.999966 0 -0.00821181
Nornmal 0.00717272 -0.486889 0.873434
BiNormal: -0.00399824 -0.873464 -0.486873
Points: 8.80003 0 5.49912
Tanget: 0.999876 0 -0.0157239
Nornmal 0.0137344 -0.486879 0.873361
BiNormal: -0.00765565 -0.873469 -0.486819
Points: 8.85336 0 5.49808
Tanget: 0.999729 0 -0.0232837
Nornmal 0.0203377 -0.486868 0.873239
BiNormal: -0.0113361 -0.873475 -0.486736
Points: 8.90651 0 5.49664
Tanget: 0.999523 0 -0.030894
Nornmal 0.0269854 -0.486858 0.873064
BiNormal: -0.015041 -0.873481 -0.486625
Points: 8.95948 0 5.4948
Tanget: 0.999256 0 -0.038558
Nornmal 0.0336799 -0.486847 0.872838
BiNormal: -0.0187718 -0.873487 -0.486485
Points: 9.01224 0 5.49256
Tanget: 0.998929 0 -0.0462787
Nornmal 0.0404241 -0.486836 0.872558
BiNormal: -0.0225301 -0.873494 -0.486314
Points: 9.06481 0 5.48992
Tanget: 0.998538 0 -0.0540592
Nornmal 0.0472207 -0.486824 0.872223
BiNormal: -0.0263173 -0.8735 -0.486112
Points: 9.11716 0 5.48688
Tanget: 0.998082 0 -0.0619028
Nornmal 0.0540725 -0.486813 0.871831
BiNormal: -0.0301351 -0.873506 -0.485879
Points: 9.16928 0 5.48344
Tanget: 0.99756 0 -0.0698126
Nornmal 0.0609822 -0.486801 0.871382
BiNormal: -0.0339849 -0.873513 -0.485613
Points: 9.22118 0 5.4796
Tanget: 0.99697 0 -0.077792
Nornmal 0.0679529 -0.486789 0.870872
BiNormal: -0.0378683 -0.873519 -0.485314
Points: 9.27283 0 5.47536
Tanget: 0.996309 0 -0.0858444
Nornmal 0.0749873 -0.486777 0.870302
BiNormal: -0.0417871 -0.873526 -0.48498
Points: 9.32424 0 5.47072
Tanget: 0.995575 0 -0.0939732
Nornmal 0.0820887 -0.486765 0.869667
BiNormal: -0.0457428 -0.873533 -0.484611
Points: 9.37538 0 5.46568
Tanget: 0.994766 0 -0.102182
Nornmal 0.0892598 -0.486752 0.868968
BiNormal: -0.0497372 -0.87354 -0.484204
Points: 9.42626 0 5.46024
Tanget: 0.993879 0 -0.110474
Nornmal 0.096504 -0.486739 0.8682
BiNormal: -0.0537719 -0.873547 -0.48376
Points: 9.47686 0 5.4544
Tanget: 0.992912 0 -0.118853
Nornmal 0.103824 -0.486726 0.867363
BiNormal: -0.0578487 -0.873555 -0.483276
Points: 9.52717 0 5.44816
Tanget: 0.991861 0 -0.127323
Nornmal 0.111224 -0.486713 0.866453
BiNormal: -0.0619695 -0.873562 -0.482751
Points: 9.57719 0 5.44152
Tanget: 0.990724 0 -0.135887
Nornmal 0.118707 -0.486699 0.865467
BiNormal: -0.0661359 -0.87357 -0.482184
Points: 9.62691 0 5.43448
Tanget: 0.989498 0 -0.144549
Nornmal 0.126275 -0.486684 0.864403
BiNormal: -0.0703498 -0.873578 -0.481573
Points: 9.67631 0 5.42704
Tanget: 0.988178 0 -0.153314
Nornmal 0.133933 -0.48667 0.863258
BiNormal: -0.0746131 -0.873586 -0.480916
Points: 9.72539 0 5.4192
Tanget: 0.986761 0 -0.162184
Nornmal 0.141683 -0.486655 0.862028
BiNormal: -0.0789277 -0.873594 -0.480212
Points: 9.77414 0 5.41096
Tanget: 0.985242 0 -0.171165
Nornmal 0.14953 -0.486639 0.860711
BiNormal: -0.0832955 -0.873603 -0.479458
Points: 9.82255 0 5.40232
Tanget: 0.983619 0 -0.180259
Nornmal 0.157477 -0.486624 0.859301
BiNormal: -0.0877184 -0.873612 -0.478652
Points: 9.87062 0 5.39328
Tanget: 0.981886 0 -0.189472
Nornmal 0.165527 -0.486607 0.857796
BiNormal: -0.0921984 -0.873621 -0.477793
Points: 9.91832 0 5.38384
Tanget: 0.980039 0 -0.198807
Nornmal 0.173684 -0.48659 0.856191
BiNormal: -0.0967375 -0.87363 -0.476877
Points: 9.96565 0 5.374
Tanget: 0.978072 0 -0.208268
Nornmal 0.181951 -0.486573 0.854482
BiNormal: -0.101338 -0.87364 -0.475903
Points: 10.0126 0 5.36376
Tanget: 0.97598 0 -0.21786
Nornmal 0.190334 -0.486555 0.852665
BiNormal: -0.106001 -0.87365 -0.474868
Points: 10.0592 0 5.35312
Tanget: 0.973758 0 -0.227587
Nornmal 0.198834 -0.486537 0.850733
BiNormal: -0.11073 -0.87366 -0.473769
Points: 10.1054 0 5.34208
Tanget: 0.971399 0 -0.237453
Nornmal 0.207456 -0.486517 0.848683
BiNormal: -0.115525 -0.873671 -0.472603
Points: 10.1512 0 5.33064
Tanget: 0.968897 0 -0.247463
Nornmal 0.216204 -0.486498 0.846508
BiNormal: -0.12039 -0.873682 -0.471366
Points: 10.1965 0 5.3188
Tanget: 0.966246 0 -0.25762
Nornmal 0.225081 -0.486477 0.844203
BiNormal: -0.125326 -0.873693 -0.470057
Points: 10.2415 0 5.30656
Tanget: 0.963439 0 -0.26793
Nornmal 0.234091 -0.486456 0.841761
BiNormal: -0.130336 -0.873705 -0.468671
Points: 10.286 0 5.29392
Tanget: 0.960467 0 -0.278395
Nornmal 0.243239 -0.486434 0.839176
BiNormal: -0.135421 -0.873717 -0.467204
Points: 10.3301 0 5.28088
Tanget: 0.957323 0 -0.289021
Nornmal 0.252526 -0.486411 0.836442
BiNormal: -0.140583 -0.87373 -0.465653
Points: 10.3737 0 5.26744
Tanget: 0.953998 0 -0.299812
Nornmal 0.261958 -0.486388 0.833549
BiNormal: -0.145825 -0.873743 -0.464013
Points: 10.4169 0 5.2536
Tanget: 0.950485 0 -0.310771
Nornmal 0.271538 -0.486363 0.830493
BiNormal: -0.151148 -0.873757 -0.462281
Points: 10.4596 0 5.23936
Tanget: 0.946773 0 -0.321903
Nornmal 0.281269 -0.486338 0.827263
BiNormal: -0.156553 -0.873771 -0.460451
Points: 10.5018 0 5.22472
Tanget: 0.942852 0 -0.333211
Nornmal 0.291155 -0.486311 0.823851
BiNormal: -0.162044 -0.873786 -0.458519
Points: 10.5435 0 5.20968
Tanget: 0.938713 0 -0.3447
Nornmal 0.301199 -0.486283 0.820249
BiNormal: -0.167622 -0.873801 -0.45648
Points: 10.5848 0 5.19424
Tanget: 0.934344 0 -0.356372
Nornmal 0.311404 -0.486254 0.816446
BiNormal: -0.173287 -0.873817 -0.454329
Points: 10.6256 0 5.1784
Tanget: 0.929735 0 -0.36823
Nornmal 0.321772 -0.486224 0.812434
BiNormal: -0.179043 -0.873834 -0.45206
Points: 10.6658 0 5.16216
Tanget: 0.924872 0 -0.380279
Nornmal 0.332307 -0.486193 0.808201
BiNormal: -0.184889 -0.873851 -0.449666
Points: 10.7055 0 5.14552
Tanget: 0.919744 0 -0.392519
Nornmal 0.343011 -0.48616 0.803736
BiNormal: -0.190827 -0.87387 -0.447143
Points: 10.7447 0 5.12848
Tanget: 0.914337 0 -0.404955
Nornmal 0.353885 -0.486126 0.799029
BiNormal: -0.196859 -0.873889 -0.444483
Points: 10.7834 0 5.11104
Tanget: 0.908637 0 -0.417586
Nornmal 0.364932 -0.486091 0.794066
BiNormal: -0.202985 -0.873908 -0.44168
Points: 10.8215 0 5.0932
Tanget: 0.902631 0 -0.430416
Nornmal 0.376153 -0.486053 0.788835
BiNormal: -0.209205 -0.873929 -0.438727
Points: 10.859 0 5.07496
Tanget: 0.896302 0 -0.443443
Nornmal 0.387548 -0.486014 0.783324
BiNormal: -0.21552 -0.873951 -0.435616
Points: 10.896 0 5.05632
Tanget: 0.889637 0 -0.456669
Nornmal 0.399117 -0.485974 0.777519
BiNormal: -0.221929 -0.873973 -0.43234
Points: 10.9324 0 5.03728
Tanget: 0.882617 0 -0.470094
Nornmal 0.41086 -0.485931 0.771404
BiNormal: -0.228433 -0.873997 -0.428891
Points: 10.9683 0 5.01784
Tanget: 0.875226 0 -0.483714
Nornmal 0.422777 -0.485886 0.764967
BiNormal: -0.23503 -0.874022 -0.42526
Points: 11.0035 0 4.99799
Tanget: 0.866637 0 -0.498939
Nornmal 0.4361 -0.48583 0.757487
BiNormal: -0.2424 -0.874054 -0.421038
Points: 11.0381 0 4.97734
Tanget: 0.850234 0 -0.526405
Nornmal 0.460162 -0.48564 0.74324
BiNormal: -0.255643 -0.874159 -0.412907
Points: 11.072 0 4.95561
Tanget: 0.833278 0 -0.552855
Nornmal 0.483339 -0.485457 0.728502
BiNormal: -0.268387 -0.874261 -0.40452
Points: 11.1052 0 4.93282
Tanget: 0.815865 0 -0.578243
Nornmal 0.505592 -0.485281 0.713358
BiNormal: -0.28061 -0.874358 -0.395923
Points: 11.1378 0 4.909
Tanget: 0.79809 0 -0.602538
Nornmal 0.526891 -0.485113 0.697891
BiNormal: -0.292299 -0.874452 -0.387163
Points: 11.1697 0 4.88416
Tanget: 0.780048 0 -0.625719
Nornmal 0.547217 -0.484952 0.682184
BiNormal: -0.303444 -0.874541 -0.378286
Points: 11.2009 0 4.85833
Tanget: 0.76183 0 -0.647777
Nornmal 0.566562 -0.484801 0.666315
BiNormal: -0.314043 -0.874625 -0.369336
Points: 11.2316 0 4.83153
Tanget: 0.74352 0 -0.668714
Nornmal 0.584927 -0.484657 0.65036
BiNormal: -0.324097 -0.874704 -0.360352
Points: 11.2616 0 4.80377
Tanget: 0.725199 0 -0.688539
Nornmal 0.60232 -0.484522 0.634389
BiNormal: -0.333612 -0.874779 -0.351375
Points: 11.291 0 4.77509
Tanget: 0.706941 0 -0.707272
Nornmal 0.618757 -0.484395 0.618467
BiNormal: -0.342599 -0.874849 -0.342439
Points: 11.3199 0 4.7455
Tanget: 0.688814 0 -0.724938
Nornmal 0.634259 -0.484276 0.602654
BiNormal: -0.35107 -0.874915 -0.333577
Points: 11.3481 0 4.71502
Tanget: 0.670879 0 -0.741567
Nornmal 0.648854 -0.484166 0.587003
BiNormal: -0.359041 -0.874976 -0.324816
Points: 11.3758 0 4.68367
Tanget: 0.653188 0 -0.757195
Nornmal 0.662571 -0.484062 0.571562
BiNormal: -0.36653 -0.875034 -0.316184
Points: 11.4029 0 4.65148
Tanget: 0.635791 0 -0.771861
Nornmal 0.675445 -0.483966 0.556372
BiNormal: -0.373555 -0.875087 -0.307701
Points: 11.4295 0 4.61847
Tanget: 0.618727 0 -0.785606
Nornmal 0.687512 -0.483877 0.54147
BiNormal: -0.380137 -0.875136 -0.299388
Points: 11.4556 0 4.58464
Tanget: 0.602031 0 -0.798472
Nornmal 0.698808 -0.483795 0.526887
BiNormal: -0.386297 -0.875181 -0.29126
Points: 11.4811 0 4.55004
Tanget: 0.585733 0 -0.810504
Nornmal 0.709372 -0.483719 0.512647
BiNormal: -0.392056 -0.875223 -0.28333
Points: 11.5062 0 4.51468
Tanget: 0.569856 0 -0.821744
Nornmal 0.719242 -0.483649 0.498774
BiNormal: -0.397436 -0.875262 -0.27561
Points: 11.5307 0 4.47857
Tanget: 0.55442 0 -0.832237
Nornmal 0.728455 -0.483584 0.485283
BiNormal: -0.402457 -0.875298 -0.268109
Points: 11.5548 0 4.44174
Tanget: 0.539439 0 -0.842025
Nornmal 0.73705 -0.483525 0.472187
BiNormal: -0.40714 -0.875331 -0.260832
Points: 11.5783 0 4.40422
Tanget: 0.524924 0 -0.851149
Nornmal 0.745062 -0.48347 0.459498
BiNormal: -0.411505 -0.875361 -0.253785
Points: 11.6015 0 4.36601
Tanget: 0.510884 0 -0.85965
Nornmal 0.752527 -0.483421 0.447222
BiNormal: -0.415572 -0.875388 -0.246972
Points: 11.6241 0 4.32715
Tanget: 0.497322 0 -0.867566
Nornmal 0.759479 -0.483375 0.435363
BiNormal: -0.41936 -0.875413 -0.240393
Points: 11.6464 0 4.28766
Tanget: 0.484242 0 -0.874934
Nornmal 0.765949 -0.483333 0.423923
BiNormal: -0.422885 -0.875436 -0.23405
Points: 11.6682 0 4.24755
Tanget: 0.471642 0 -0.88179
Nornmal 0.77197 -0.483295 0.412903
BiNormal: -0.426165 -0.875458 -0.227942
Points: 11.6896 0 4.20684
Tanget: 0.459522 0 -0.888166
Nornmal 0.777569 -0.48326 0.402301
BiNormal: -0.429216 -0.875477 -0.222069
Points: 11.7106 0 4.16556
Tanget: 0.447878 0 -0.894095
Nornmal 0.782775 -0.483229 0.392115
BiNormal: -0.432052 -0.875494 -0.216428
Points: 11.7313 0 4.12373
Tanget: 0.436706 0 -0.899605
Nornmal 0.787613 -0.4832 0.38234
BiNormal: -0.434689 -0.87551 -0.211016
Points: 11.7515 0 4.08137
Tanget: 0.425999 0 -0.904724
Nornmal 0.792108 -0.483174 0.372972
BiNormal: -0.437139 -0.875524 -0.205832
Points: 11.7714 0 4.0385
Tanget: 0.415752 0 -0.909478
Nornmal 0.796282 -0.48315 0.364006
BiNormal: -0.439415 -0.875537 -0.200871
Points: 11.7909 0 3.99514
Tanget: 0.405958 0 -0.913892
Nornmal 0.800157 -0.483129 0.355436
BiNormal: -0.441528 -0.875549 -0.19613
Points: 11.8101 0 3.95132
Tanget: 0.396608 0 -0.917988
Nornmal 0.803753 -0.48311 0.347254
BiNormal: -0.443489 -0.87556 -0.191605
Points: 11.829 0 3.90704
Tanget: 0.387697 0 -0.921787
Nornmal 0.807088 -0.483092 0.339456
BiNormal: -0.445308 -0.875569 -0.187293
Points: 11.8476 0 3.86234
Tanget: 0.379215 0 -0.925309
Nornmal 0.81018 -0.483077 0.332032
BiNormal: -0.446995 -0.875578 -0.18319
Points: 11.8658 0 3.81724
Tanget: 0.371155 0 -0.928571
Nornmal 0.813043 -0.483063 0.324978
BiNormal: -0.448558 -0.875586 -0.179291
Points: 11.8838 0 3.77175
Tanget: 0.363509 0 -0.931591
Nornmal 0.815694 -0.48305 0.318286
BiNormal: -0.450005 -0.875593 -0.175593
Points: 11.9015 0 3.7259
Tanget: 0.356269 0 -0.934383
Nornmal 0.818145 -0.483039 0.311949
BiNormal: -0.451344 -0.875599 -0.172092
Points: 11.9189 0 3.6797
Tanget: 0.349428 0 -0.936963
Nornmal 0.820409 -0.483029 0.30596
BiNormal: -0.452581 -0.875604 -0.168784
Points: 11.936 0 3.63319
Tanget: 0.342977 0 -0.939344
Nornmal 0.822498 -0.48302 0.300314
BiNormal: -0.453722 -0.875609 -0.165665
Points: 11.953 0 3.58637
Tanget: 0.336911 0 -0.941536
Nornmal 0.824422 -0.483013 0.295004
BiNormal: -0.454774 -0.875613 -0.162732
Points: 11.9697 0 3.53928
Tanget: 0.331222 0 -0.943553
Nornmal 0.826191 -0.483006 0.290024
BiNormal: -0.455741 -0.875617 -0.159982
Points: 11.9861 0 3.49193
Tanget: 0.325904 0 -0.945403
Nornmal 0.827814 -0.483 0.285369
BiNormal: -0.456629 -0.87562 -0.157412
Points: 12.0024 0 3.44434
Tanget: 0.320952 0 -0.947096
Nornmal 0.829299 -0.482995 0.281033
BiNormal: -0.457442 -0.875623 -0.155018
Points: 12.0185 0 3.39653
Tanget: 0.316358 0 -0.94864
Nornmal 0.830653 -0.482991 0.277011
BiNormal: -0.458184 -0.875626 -0.152798
Points: 12.0343 0 3.34854
Tanget: 0.312118 0 -0.950043
Nornmal 0.831884 -0.482987 0.273299
BiNormal: -0.458858 -0.875628 -0.150749
Points: 12.0501 0 3.30036
Tanget: 0.308228 0 -0.951313
Nornmal 0.832997 -0.482984 0.269893
BiNormal: -0.459469 -0.875629 -0.148869
Points: 12.0656 0 3.25204
Tanget: 0.304682 0 -0.952454
Nornmal 0.833998 -0.482981 0.266789
BiNormal: -0.460017 -0.875631 -0.147156
Points: 12.081 0 3.20358
Tanget: 0.301478 0 -0.953473
Nornmal 0.834891 -0.482979 0.263984
BiNormal: -0.460508 -0.875632 -0.145608
Points: 12.0963 0 3.15501
Tanget: 0.298611 0 -0.954375
Nornmal 0.835682 -0.482977 0.261474
BiNormal: -0.460941 -0.875633 -0.144223
Points: 12.1115 0 3.10635
Tanget: 0.29608 0 -0.955163
Nornmal 0.836373 -0.482976 0.259257
BiNormal: -0.461321 -0.875634 -0.143
Points: 12.1265 0 3.05762
Tanget: 0.293881 0 -0.955842
Nornmal 0.836968 -0.482975 0.257332
BiNormal: -0.461648 -0.875634 -0.141937
Points: 12.1414 0 3.00885
Tanget: 0.292012 0 -0.956415
Nornmal 0.83747 -0.482974 0.255696
BiNormal: -0.461924 -0.875634 -0.141035
Points: 12.1563 0 2.96005
Tanget: 0.290473 0 -0.956883
Nornmal 0.83788 -0.482974 0.254348
BiNormal: -0.46215 -0.875635 -0.140291
Points: 12.1711 0 2.91124
Tanget: 0.289263 0 -0.95725
Nornmal 0.838201 -0.482974 0.253288
BiNormal: -0.462326 -0.875635 -0.139706
Points: 12.1858 0 2.86245
Tanget: 0.28838 0 -0.957516
Nornmal 0.838435 -0.482973 0.252515
BiNormal: -0.462455 -0.875635 -0.13928
Points: 12.2005 0 2.81369
Tanget: 0.287825 0 -0.957683
Nornmal 0.838581 -0.482973 0.25203
BiNormal: -0.462535 -0.875635 -0.139012
Points: 12.2151 0 2.76499
Tanget: 0.2876 0 -0.957751
Nornmal 0.83864 -0.482973 0.251833
BiNormal: -0.462568 -0.875635 -0.138903
Points: 12.2297 0 2.71637
Tanget: 0.287705 0 -0.957719
Nornmal 0.838612 -0.482973 0.251925
BiNormal: -0.462553 -0.875635 -0.138954
Points: 12.2443 0 2.66784
Tanget: 0.288142 0 -0.957588
Nornmal 0.838497 -0.482973 0.252308
BiNormal: -0.462489 -0.875635 -0.139165
Points: 12.2589 0 2.61944
Tanget: 0.288914 0 -0.957355
Nornmal 0.838294 -0.482973 0.252983
BiNormal: -0.462377 -0.875635 -0.139538
Points: 12.2735 0 2.57118
Tanget: 0.290023 0 -0.95702
Nornmal 0.838 -0.482973 0.253955
BiNormal: -0.462215 -0.875635 -0.140073
Points: 12.2881 0 2.52308
Tanget: 0.291474 0 -0.956579
Nornmal 0.837614 -0.482973 0.255225
BiNormal: -0.462001 -0.875635 -0.140774
Points: 12.3027 0 2.47517
Tanget: 0.29327 0 -0.95603
Nornmal 0.837134 -0.482972 0.256798
BiNormal: -0.461735 -0.875636 -0.141641
Points: 12.3174 0 2.42745
Tanget: 0.295416 0 -0.955369
Nornmal 0.836556 -0.482971 0.258677
BiNormal: -0.461415 -0.875636 -0.142677
Points: 12.3322 0 2.37997
Tanget: 0.297917 0 -0.954592
Nornmal 0.835876 -0.48297 0.260867
BiNormal: -0.461039 -0.875637 -0.143885
Points: 12.347 0 2.33273
Tanget: 0.30078 0 -0.953693
Nornmal 0.83509 -0.482968 0.263375
BiNormal: -0.460603 -0.875638 -0.145267
Points: 12.3619 0 2.28575
Tanget: 0.304012 0 -0.952668
Nornmal 0.834194 -0.482966 0.266205
BiNormal: -0.460106 -0.875639 -0.146827
Points: 12.3769 0 2.23907
Tanget: 0.307619 0 -0.95151
Nornmal 0.833181 -0.482963 0.269364
BiNormal: -0.459544 -0.875641 -0.148569
Points: 12.392 0 2.19269
Tanget: 0.31161 0 -0.95021
Nornmal 0.832044 -0.48296 0.272859
BiNormal: -0.458914 -0.875642 -0.150495
Points: 12.4072 0 2.14664
Tanget: 0.315993 0 -0.948762
Nornmal 0.830778 -0.482956 0.276697
BiNormal: -0.45821 -0.875645 -0.15261
Points: 12.4225 0 2.10095
Tanget: 0.320777 0 -0.947155
Nornmal 0.829373 -0.482951 0.280888
BiNormal: -0.45743 -0.875647 -0.15492
Points: 12.438 0 2.05562
Tanget: 0.325974 0 -0.945379
Nornmal 0.827821 -0.482946 0.285439
BiNormal: -0.456567 -0.87565 -0.157428
Points: 12.4537 0 2.01069
Tanget: 0.331593 0 -0.943423
Nornmal 0.826112 -0.482939 0.29036
BiNormal: -0.455616 -0.875654 -0.160139
Points: 12.4695 0 1.96618
Tanget: 0.337645 0 -0.941273
Nornmal 0.824234 -0.482932 0.295662
BiNormal: -0.454571 -0.875658 -0.16306
Points: 12.4855 0 1.9221
Tanget: 0.344144 0 -0.938917
Nornmal 0.822175 -0.482923 0.301354
BiNormal: -0.453424 -0.875663 -0.166195
Points: 12.5016 0 1.87847
Tanget: 0.351102 0 -0.936337
Nornmal 0.819921 -0.482913 0.307449
BiNormal: -0.452169 -0.875669 -0.169551
Points: 12.518 0 1.83532
Tanget: 0.358531 0 -0.933518
Nornmal 0.817458 -0.482901 0.313957
BiNormal: -0.450796 -0.875675 -0.173135
Points: 12.5346 0 1.79267
Tanget: 0.366447 0 -0.930439
Nornmal 0.814769 -0.482887 0.320891
BiNormal: -0.449297 -0.875682 -0.176953
Points: 12.5514 0 1.75054
Tanget: 0.374863 0 -0.92708
Nornmal 0.811836 -0.482872 0.328264
BiNormal: -0.447661 -0.875691 -0.181011
Points: 12.5684 0 1.70895
Tanget: 0.383794 0 -0.923419
Nornmal 0.808638 -0.482855 0.336089
BiNormal: -0.445877 -0.8757 -0.185317
Points: 12.5857 0 1.66792
Tanget: 0.393257 0 -0.919429
Nornmal 0.805154 -0.482835 0.344379
BiNormal: -0.443933 -0.875711 -0.189878
Points: 12.6033 0 1.62748
Tanget: 0.403265 0 -0.915083
Nornmal 0.80136 -0.482813 0.353149
BiNormal: -0.441814 -0.875723 -0.194702
Points: 12.6211 0 1.58763
Tanget: 0.413835 0 -0.910352
Nornmal 0.797229 -0.482789 0.362411
BiNormal: -0.439507 -0.875737 -0.199795
Points: 12.6392 0 1.54841
Tanget: 0.424983 0 -0.905201
Nornmal 0.792732 -0.482761 0.37218
BiNormal: -0.436996 -0.875752 -0.205165
Points: 12.6577 0 1.50984
Tanget: 0.436723 0 -0.899596
Nornmal 0.787839 -0.482729 0.382468
BiNormal: -0.434261 -0.87577 -0.210819
Points: 12.6764 0 1.47193
Tanget: 0.44907 0 -0.893497
Nornmal 0.782515 -0.482694 0.39329
BiNormal: -0.431286 -0.875789 -0.216763
Points: 12.6954 0 1.43471
Tanget: 0.462038 0 -0.88686
Nornmal 0.776722 -0.482655 0.404658
BiNormal: -0.428047 -0.875811 -0.223005
Points: 12.7148 0 1.39819
Tanget: 0.475639 0 -0.879641
Nornmal 0.77042 -0.482611 0.416581
BiNormal: -0.424524 -0.875835 -0.229548
Points: 12.7345 0 1.36241
Tanget: 0.489883 0 -0.871788
Nornmal 0.763566 -0.482562 0.42907
BiNormal: -0.420692 -0.875862 -0.236399
Points: 12.7546 0 1.32737
Tanget: 0.50478 0 -0.863248
Nornmal 0.756112 -0.482508 0.442132
BiNormal: -0.416524 -0.875892 -0.24356
Points: 12.7751 0 1.29311
Tanget: 0.520333 0 -0.853963
Nornmal 0.748008 -0.482447 0.455773
BiNormal: -0.411992 -0.875925 -0.251033
Points: 12.7959 0 1.25964
Tanget: 0.536545 0 -0.843872
Nornmal 0.7392 -0.482379 0.469993
BiNormal: -0.407066 -0.875962 -0.258818
Points: 12.8171 0 1.22698
Tanget: 0.553412 0 -0.832908
Nornmal 0.72963 -0.482304 0.484791
BiNormal: -0.401715 -0.876004 -0.266913
Points: 12.8387 0 1.19516
Tanget: 0.570926 0 -0.821002
Nornmal 0.719238 -0.482221 0.500159
BiNormal: -0.395905 -0.876049 -0.275313
Points: 12.8608 0 1.16419
Tanget: 0.589071 0 -0.808082
Nornmal 0.70796 -0.48213 0.516085
BiNormal: -0.3896 -0.8761 -0.284008
Points: 12.8833 0 1.13409
Tanget: 0.607824 0 -0.794072
Nornmal 0.69573 -0.482028 0.532549
BiNormal: -0.382765 -0.876156 -0.292988
Points: 12.9062 0 1.1049
Tanget: 0.627155 0 -0.778895
Nornmal 0.682481 -0.481916 0.549524
BiNormal: -0.375362 -0.876217 -0.302236
Points: 12.9296 0 1.07662
Tanget: 0.64702 0 -0.762473
Nornmal 0.668144 -0.481793 0.566974
BiNormal: -0.367355 -0.876285 -0.31173
Points: 12.9534 0 1.04928
Tanget: 0.667367 0 -0.744729
Nornmal 0.65265 -0.481659 0.584853
BiNormal: -0.358705 -0.876359 -0.321443
Points: 12.9777 0 1.0229
Tanget: 0.68813 0 -0.725588
Nornmal 0.635934 -0.481511 0.603104
BiNormal: -0.349379 -0.87644 -0.331342
Points: 13.0025 -1.4985e-06 0.997503
Tanget: 0.708237 -0.000847593 -0.705975
Nornmal 0.618514 -0.48136 0.621074
BiNormal: -0.340355 -0.876522 -0.340393
Points: 13.0277 -0.000179504 0.972801
Tanget: 0.719363 -0.00921856 -0.694574
Nornmal 0.605671 -0.481267 0.633675
BiNormal: -0.340117 -0.876526 -0.340622
Points: 13.0532 -0.000647608 0.948593
Tanget: 0.730173 -0.0173917 -0.683041
Nornmal 0.592779 -0.481027 0.64593
BiNormal: -0.339795 -0.876533 -0.340924
Points: 13.0789 -0.00139681 0.924873
Tanget: 0.740665 -0.0253575 -0.671396
Nornmal 0.579856 -0.480647 0.657834
BiNormal: -0.339386 -0.876547 -0.341295
Points: 13.105 -0.00241812 0.901634
Tanget: 0.750836 -0.0331072 -0.659658
Nornmal 0.566922 -0.480135 0.66938
BiNormal: -0.338886 -0.87657 -0.341734
Points: 13.1313 -0.00370252 0.87887
Tanget: 0.760687 -0.0406328 -0.647845
Nornmal 0.553996 -0.479498 0.680565
BiNormal: -0.338294 -0.876602 -0.342238
Points: 13.1579 -0.00524103 0.856576
Tanget: 0.770218 -0.047927 -0.635977
Nornmal 0.541096 -0.478745 0.691388
BiNormal: -0.337607 -0.876645 -0.342805
Points: 13.1847 -0.00702463 0.834745
Tanget: 0.779431 -0.0549831 -0.624071
Nornmal 0.52824 -0.477884 0.701847
BiNormal: -0.336823 -0.8767 -0.343433
Points: 13.2118 -0.00904434 0.813371
Tanget: 0.788328 -0.0617955 -0.612144
Nornmal 0.515445 -0.476923 0.711942
BiNormal: -0.33594 -0.87677 -0.344119
Points: 13.2392 -0.0112911 0.792449
Tanget: 0.796913 -0.0683587 -0.600215
Nornmal 0.502727 -0.47587 0.721674
BiNormal: -0.334957 -0.876855 -0.344861
Points: 13.2668 -0.013756 0.771972
Tanget: 0.80519 -0.0746685 -0.588298
Nornmal 0.490102 -0.474733 0.731046
BiNormal: -0.33387 -0.876957 -0.345655
Points: 13.2946 -0.0164301 0.751935
Tanget: 0.813164 -0.0807208 -0.576409
Nornmal 0.477585 -0.473521 0.740061
BiNormal: -0.33268 -0.877076 -0.346499
Points: 13.3227 -0.0193042 0.732331
Tanget: 0.820843 -0.0865124 -0.564564
Nornmal 0.46519 -0.472241 0.748723
BiNormal: -0.331384 -0.877214 -0.347391
Points: 13.351 -0.0223694 0.713154
Tanget: 0.828231 -0.0920406 -0.552777
Nornmal 0.45293 -0.470902 0.757037
BiNormal: -0.329982 -0.877371 -0.348328
Points: 13.3795 -0.0256167 0.694399
Tanget: 0.835336 -0.0973033 -0.541061
Nornmal 0.440818 -0.469512 0.765009
BiNormal: -0.328472 -0.877548 -0.349307
Points: 13.4083 -0.0290371 0.67606
Tanget: 0.842165 -0.102299 -0.529427
Nornmal 0.428865 -0.468077 0.772644
BiNormal: -0.326853 -0.877747 -0.350326
Points: 13.4372 -0.0326216 0.658129
Tanget: 0.848726 -0.107026 -0.517889
Nornmal 0.417082 -0.466605 0.77995
BiNormal: -0.325125 -0.877966 -0.351381
Points: 13.4664 -0.0363612 0.640602
Tanget: 0.855028 -0.111484 -0.506457
Nornmal 0.40548 -0.465104 0.786934
BiNormal: -0.323285 -0.878208 -0.352472
Points: 13.4957 -0.0402469 0.623473
Tanget: 0.861078 -0.115672 -0.495141
Nornmal 0.394066 -0.463579 0.793603
BiNormal: -0.321335 -0.878473 -0.353595
Points: 13.5253 -0.0442697 0.606735
Tanget: 0.866886 -0.119591 -0.48395
Nornmal 0.382851 -0.462038 0.799966
BiNormal: -0.319272 -0.87876 -0.354749
Points: 13.555 -0.0484206 0.590382
Tanget: 0.872459 -0.12324 -0.472893
Nornmal 0.371841 -0.460486 0.806031
BiNormal: -0.317096 -0.87907 -0.35593
Points: 13.5849 -0.0526906 0.574409
Tanget: 0.877806 -0.12662 -0.461978
Nornmal 0.361044 -0.45893 0.811807
BiNormal: -0.314806 -0.879404 -0.357136
Points: 13.615 -0.0570707 0.558809
Tanget: 0.882937 -0.129731 -0.451211
Nornmal 0.350466 -0.457375 0.817302
BiNormal: -0.312402 -0.87976 -0.358367
Points: 13.6452 -0.0615519 0.543576
Tanget: 0.88786 -0.132575 -0.4406
Nornmal 0.340113 -0.455826 0.822524
BiNormal: -0.309883 -0.88014 -0.359619
Points: 13.6756 -0.0661252 0.528705
Tanget: 0.892583 -0.135153 -0.43015
Nornmal 0.32999 -0.454288 0.827484
BiNormal: -0.307249 -0.880543 -0.360891
Points: 13.7062 -0.0707816 0.514189
Tanget: 0.897116 -0.137465 -0.419865
Nornmal 0.320101 -0.452766 0.832189
BiNormal: -0.304497 -0.880969 -0.362181
Points: 13.7369 -0.0755121 0.500023
Tanget: 0.901465 -0.139512 -0.409752
Nornmal 0.310452 -0.451264 0.836648
BiNormal: -0.301629 -0.881418 -0.363487
Points: 13.7678 -0.0803077 0.4862
Tanget: 0.905641 -0.141297 -0.399813
Nornmal 0.301044 -0.449786 0.840872
BiNormal: -0.298643 -0.881889 -0.364808
Points: 13.7988 -0.0851594 0.472714
Tanget: 0.909649 -0.142819 -0.390052
Nornmal 0.291882 -0.448336 0.844866
BiNormal: -0.295538 -0.882382 -0.366142
Points: 13.8299 -0.0900582 0.45956
Tanget: 0.9135 -0.144081 -0.380472
Nornmal 0.282969 -0.446918 0.848642
BiNormal: -0.292313 -0.882896 -0.367489
Points: 13.8611 -0.0949951 0.446732
Tanget: 0.917199 -0.145083 -0.371075
Nornmal 0.274306 -0.445533 0.852207
BiNormal: -0.288967 -0.883431 -0.368845
Points: 13.8925 -0.0999612 0.434222
Tanget: 0.920754 -0.145827 -0.361865
Nornmal 0.265897 -0.444186 0.855569
BiNormal: -0.2855 -0.883987 -0.370211
Points: 13.924 -0.104947 0.422026
Tanget: 0.924173 -0.146313 -0.352841
Nornmal 0.257742 -0.442879 0.858736
BiNormal: -0.28191 -0.884562 -0.371586
Points: 13.9556 -0.109944 0.410138
Tanget: 0.927461 -0.146543 -0.344007
Nornmal 0.249844 -0.441614 0.861716
BiNormal: -0.278196 -0.885157 -0.372967
Points: 13.9873 -0.114944 0.398551
Tanget: 0.930626 -0.146517 -0.335362
Nornmal 0.242204 -0.440393 0.864518
BiNormal: -0.274357 -0.885769 -0.374354
Points: 14.0191 -0.119936 0.387259
Tanget: 0.933674 -0.146235 -0.326907
Nornmal 0.234823 -0.439218 0.867148
BiNormal: -0.270391 -0.886399 -0.375747
Points: 14.0509 -0.124913 0.376257
Tanget: 0.93661 -0.1457 -0.318644
Nornmal 0.227702 -0.438091 0.869614
BiNormal: -0.266298 -0.887044 -0.377145
Points: 14.0829 -0.129864 0.365538
Tanget: 0.939439 -0.14491 -0.310572
Nornmal 0.220842 -0.437013 0.871922
BiNormal: -0.262074 -0.887705 -0.378546
Points: 14.1149 -0.134782 0.355096
Tanget: 0.942168 -0.143865 -0.302692
Nornmal 0.214244 -0.435986 0.87408
BiNormal: -0.257719 -0.88838 -0.37995
Points: 14.147 -0.139657 0.344926
Tanget: 0.944801 -0.142567 -0.295002
Nornmal 0.207908 -0.435009 0.876094
BiNormal: -0.253231 -0.889068 -0.381356
Points: 14.1792 -0.14448 0.335021
Tanget: 0.947342 -0.141015 -0.287504
Nornmal 0.201836 -0.434085 0.877971
BiNormal: -0.248608 -0.889767 -0.382765
Points: 14.2115 -0.149242 0.325376
Tanget: 0.949795 -0.139207 -0.280196
Nornmal 0.196028 -0.433213 0.879716
BiNormal: -0.243848 -0.890476 -0.384175
Points: 14.2437 -0.153934 0.315984
Tanget: 0.952166 -0.137145 -0.273079
Nornmal 0.190485 -0.432393 0.881335
BiNormal: -0.238948 -0.891194 -0.385586
Points: 14.2761 -0.158547 0.306839
Tanget: 0.954456 -0.134826 -0.266151
Nornmal 0.185208 -0.431627 0.882834
BiNormal: -0.233907 -0.891919 -0.386998
Points: 14.3085 -0.163072 0.297936
Tanget: 0.956669 -0.13225 -0.259412
Nornmal 0.180197 -0.430914 0.884219
BiNormal: -0.228722 -0.89265 -0.388411
Points: 14.3409 -0.167501 0.289269
Tanget: 0.958808 -0.129415 -0.252861
Nornmal 0.175453 -0.430253 0.885494
BiNormal: -0.22339 -0.893384 -0.389824
Points: 14.3733 -0.171823 0.28083
Tanget: 0.960876 -0.12632 -0.246497
Nornmal 0.170977 -0.429644 0.886664
BiNormal: -0.217909 -0.894119 -0.391237
Points: 14.4058 -0.176031 0.272615
Tanget: 0.962874 -0.122963 -0.240319
Nornmal 0.166769 -0.429087 0.887734
BiNormal: -0.212276 -0.894854 -0.392651
Points: 14.4383 -0.180115 0.264618
Tanget: 0.964805 -0.119342 -0.234328
Nornmal 0.162832 -0.428581 0.888709
BiNormal: -0.206488 -0.895587 -0.394064
Points: 14.4708 -0.184065 0.256832
Tanget: 0.966669 -0.115454 -0.228521
Nornmal 0.159167 -0.428125 0.889593
BiNormal: -0.200543 -0.896314 -0.395478
Points: 14.5033 -0.187874 0.249251
Tanget: 0.968468 -0.111298 -0.222898
Nornmal 0.155774 -0.427717 0.890389
BiNormal: -0.194436 -0.897035 -0.396893
Points: 14.5357 -0.191532 0.24187
Tanget: 0.970201 -0.10687 -0.217458
Nornmal 0.152654 -0.427356 0.891102
BiNormal: -0.188164 -0.897745 -0.398308
Points: 14.5682 -0.19503 0.234682
Tanget: 0.971871 -0.102167 -0.2122
Nornmal 0.149811 -0.427041 0.891736
BiNormal: -0.181725 -0.898442 -0.399723
Points: 14.6007 -0.19836 0.227681
Tanget: 0.973475 -0.0971868 -0.207125
Nornmal 0.147245 -0.42677 0.892293
BiNormal: -0.175114 -0.899123 -0.40114
Points: 14.6332 -0.201511 0.220862
Tanget: 0.975014 -0.0919246 -0.20223
Nornmal 0.144958 -0.426541 0.892777
BiNormal: -0.168327 -0.899785 -0.402558
Points: 14.6656 -0.204475 0.214218
Tanget: 0.976487 -0.0863772 -0.197515
Nornmal 0.142953 -0.426351 0.893191
BiNormal: -0.161362 -0.900424 -0.403978
Points: 14.698 -0.207244 0.207744
Tanget: 0.977892 -0.0805406 -0.19298
Nornmal 0.141231 -0.426198 0.893537
BiNormal: -0.154214 -0.901038 -0.4054
Points: 14.7304 -0.209807 0.201433
Tanget: 0.979226 -0.0744105 -0.188625
Nornmal 0.139796 -0.426079 0.89382
BiNormal: -0.146879 -0.901621 -0.406826
Points: 14.7627 -0.212157 0.19528
Tanget: 0.980488 -0.0679826 -0.184448
Nornmal 0.138649 -0.425992 0.89404
BiNormal: -0.139353 -0.902169 -0.408254
Points: 14.795 -0.214284 0.189277
Tanget: 0.981675 -0.0612522 -0.18045
Nornmal 0.137794 -0.425932 0.8942
BiNormal: -0.131631 -0.902679 -0.409687
Points: 14.8272 -0.216179 0.183421
Tanget: 0.982783 -0.0542145 -0.17663
Nornmal 0.137234 -0.425897 0.894303
BiNormal: -0.12371 -0.903146 -0.411125
Points: 14.8594 -0.217833 0.177703
Tanget: 0.983808 -0.0468645 -0.172988
Nornmal 0.13697 -0.425883 0.894351
BiNormal: -0.115586 -0.903564 -0.412568
Points: 14.8915 -0.219237 0.172119
Tanget: 0.984746 -0.0391971 -0.169523
Nornmal 0.137008 -0.425885 0.894344
BiNormal: -0.107253 -0.903928 -0.414018
Points: 14.9235 -0.220382 0.166663
Tanget: 0.985592 -0.0312071 -0.166236
Nornmal 0.137351 -0.425898 0.894285
BiNormal: -0.0987078 -0.904233 -0.415475
Points: 14.9554 -0.221259 0.161328
Tanget: 0.986339 -0.022889 -0.163128
Nornmal 0.138001 -0.425919 0.894175
BiNormal: -0.0899459 -0.904472 -0.416942
Points: 14.9873 -0.22186 0.156108
Tanget: 0.986982 -0.0142375 -0.160196
Nornmal 0.138963 -0.425941 0.894016
BiNormal: -0.0809628 -0.904639 -0.418418
Points: 15.0191 -0.222174 0.150998
Tanget: 0.987514 -0.0052471 -0.157443
Nornmal 0.14024 -0.425959 0.893807
BiNormal: -0.0717543 -0.904727 -0.419905
Points: 15.0507 -0.222194 0.145991
Tanget: 0.987927 0.00408773 -0.154869
Nornmal 0.141837 -0.425967 0.893552
BiNormal: -0.0623164 -0.90473 -0.421404
Points: 15.0823 -0.22191 0.141081
Tanget: 0.988212 0.0137724 -0.152473
Nornmal 0.143757 -0.425958 0.893249
BiNormal: -0.0526448 -0.904638 -0.422917
Points: 15.1138 -0.221312 0.136263
Tanget: 0.98836 0.0238123 -0.150255
Nornmal 0.146005 -0.425926 0.8929
BiNormal: -0.0427357 -0.904445 -0.424445
Points: 15.1451 -0.220393 0.13153
Tanget: 0.988363 0.0342126 -0.148218
Nornmal 0.148584 -0.425862 0.892505
BiNormal: -0.0325854 -0.904141 -0.42599
Points: 15.1764 -0.219143 0.126877
Tanget: 0.988208 0.0449783 -0.14636
Nornmal 0.151498 -0.425759 0.892063
BiNormal: -0.0221905 -0.903718 -0.427553
Points: 15.2075 -0.217553 0.122297
Tanget: 0.987886 0.0561141 -0.144682
Nornmal 0.154752 -0.425609 0.891577
BiNormal: -0.0115478 -0.903166 -0.429137
Points: 15.2384 -0.215615 0.117785
Tanget: 0.987383 0.0676246 -0.143185
Nornmal 0.15835 -0.425402 0.891044
BiNormal: -0.000654623 -0.902475 -0.430743
Points: 15.2693 -0.213318 0.113333
Tanget: 0.986687 0.0795136 -0.141869
Nornmal 0.162294 -0.425128 0.890464
BiNormal: 0.0104915 -0.901634 -0.432373
Points: 15.2999 -0.210654 0.108938
Tanget: 0.985784 0.0917847 -0.140735
Nornmal 0.166588 -0.424778 0.889838
BiNormal: 0.0218923 -0.900633 -0.434029
Points: 15.3305 -0.207615 0.104591
Tanget: 0.984659 0.104441 -0.139784
Nornmal 0.171236 -0.42434 0.889165
BiNormal: 0.0335492 -0.89946 -0.435714
Points: 15.3608 -0.20419 0.100288
Tanget: 0.983297 0.117484 -0.139014
Nornmal 0.17624 -0.423804 0.888442
BiNormal: 0.0454629 -0.898102 -0.43743
Points: 15.3911 -0.200372 0.096023
Tanget: 0.981682 0.130916 -0.138428
Nornmal 0.181603 -0.423156 0.887671
BiNormal: 0.0576332 -0.896549 -0.439179
Points: 15.4211 -0.196151 0.0917888
Tanget: 0.979796 0.144736 -0.138025
Nornmal 0.187326 -0.422385 0.886848
BiNormal: 0.0700593 -0.894786 -0.440965
Points: 15.451 -0.191518 0.0875801
Tanget: 0.977623 0.158945 -0.137805
Nornmal 0.193411 -0.421478 0.885973
BiNormal: 0.0827394 -0.892801 -0.442788
Points: 15.4807 -0.186464 0.0833908
Tanget: 0.975143 0.17354 -0.137767
Nornmal 0.199858 -0.42042 0.885045
BiNormal: 0.0956709 -0.890579 -0.444653
Points: 15.5102 -0.18098 0.0792148
Tanget: 0.972338 0.188519 -0.137913
Nornmal 0.206667 -0.419197 0.88406
BiNormal: 0.10885 -0.888107 -0.446562
Points: 15.5395 -0.175057 0.0750463
Tanget: 0.969187 0.203877 -0.13824
Nornmal 0.213836 -0.417794 0.883019
BiNormal: 0.122271 -0.885371 -0.448517
Points: 15.5686 -0.168687 0.0708792
Tanget: 0.965671 0.219607 -0.138749
Nornmal 0.221364 -0.416197 0.881917
BiNormal: 0.135929 -0.882356 -0.450523
Points: 15.5975 -0.161859 0.0667074
Tanget: 0.96177 0.235703 -0.139438
Nornmal 0.229248 -0.414389 0.880754
BiNormal: 0.149815 -0.879049 -0.452581
Points: 15.6262 -0.154565 0.0625251
Tanget: 0.957462 0.252153 -0.140306
Nornmal 0.237481 -0.412353 0.879527
BiNormal: 0.16392 -0.875433 -0.454694
Points: 15.6547 -0.146797 0.0583262
Tanget: 0.952726 0.268947 -0.141351
Nornmal 0.24606 -0.410075 0.878233
BiNormal: 0.178234 -0.871496 -0.456866
Points: 15.6829 -0.138545 0.0541047
Tanget: 0.947543 0.28607 -0.142571
Nornmal 0.254976 -0.407537 0.87687
BiNormal: 0.192744 -0.867224 -0.4591
Points: 15.711 -0.1298 0.0498545
Tanget: 0.941891 0.303507 -0.143963
Nornmal 0.26422 -0.404723 0.875435
BiNormal: 0.207436 -0.862602 -0.461398
Points: 15.7388 -0.120552 0.0455698
Tanget: 0.93575 0.321239 -0.145523
Nornmal 0.273782 -0.401617 0.873926
BiNormal: 0.222295 -0.857619 -0.463762
Points: 15.7663 -0.110794 0.0412445
Tanget: 0.929102 0.339245 -0.147249
Nornmal 0.28365 -0.398201 0.872341
BiNormal: 0.237303 -0.852261 -0.466196
Points: 15.7936 -0.100517 0.0368725
Tanget: 0.921928 0.357502 -0.149136
Nornmal 0.293808 -0.394462 0.870676
