Initializing GLUT...
Initializing OpenGL...
OpenGL Version: 4.1 INTEL-14.7.8
OpenGL Renderer: Intel(R) Iris(TM) Plus Graphics 655
Shading Language Version: 4.10
Max available anisotropic samples: 16.000000
track.txt
Loaded 1 spline(s).
Num control points in spline 0: 48.
PISIDHSUDHSUDHPoints: 6.005 0 5.002
Tanget: 0.928809 0 0.370559
Nornmal -0.323556 -0.48744 0.810996
BiNormal: 0.180625 -0.873156 -0.452739
Points: 6.05518 0 5.02176
Tanget: 0.932071 0 0.362275
Nornmal -0.316325 -0.487425 0.813852
BiNormal: 0.176582 -0.873165 -0.454315
-0.319936
-0.319947
0.178614
0.178597
-0.319931
-0.319942
0.178613
0.178596
Points: 6.10565 0 5.04112
Tanget: 0.935224 0 0.354057
Nornmal -0.309153 -0.487411 0.816612
BiNormal: 0.172571 -0.873173 -0.455838
-0.312734
-0.312741
0.174582
0.174572
-0.312735
-0.312742
0.174582
0.174573
Points: 6.1564 0 5.06008
Tanget: 0.93827 0 0.345904
Nornmal -0.302037 -0.487397 0.819279
BiNormal: 0.168593 -0.873181 -0.45731
-0.30559
-0.305596
0.170588
0.170572
-0.305586
-0.305591
0.170589
0.170573
Points: 6.20742 0 5.07864
Tanget: 0.941213 0 0.337814
Nornmal -0.294975 -0.487383 0.821856
BiNormal: 0.164645 -0.873188 -0.458731
-0.298499
-0.298501
0.16662
0.166612
-0.298502
-0.298504
0.166622
0.166615
Points: 6.2587 0 5.0968
Tanget: 0.944056 0 0.329785
Nornmal -0.287967 -0.48737 0.824346
BiNormal: 0.160727 -0.873196 -0.460104
-0.291458
-0.291471
0.16269
0.162676
-0.291454
-0.291467
0.162688
0.162674
Points: 6.31024 0 5.11456
Tanget: 0.946802 0 0.321816
Nornmal -0.281011 -0.487356 0.826751
BiNormal: 0.156839 -0.873203 -0.46143
-0.284482
-0.284489
0.158786
0.158783
-0.284489
-0.284496
0.158786
0.158783
Points: 6.36202 0 5.13192
Tanget: 0.949455 0 0.313905
Nornmal -0.274105 -0.487343 0.829074
BiNormal: 0.152979 -0.87321 -0.46271
-0.277551
-0.277553
0.154913
0.154898
-0.277546
-0.277547
0.154915
0.1549
Points: 6.41404 0 5.14888
Tanget: 0.952016 0 0.306049
Nornmal -0.267247 -0.487331 0.831317
BiNormal: 0.149147 -0.873217 -0.463947
-0.270668
-0.270677
0.151067
0.15106
-0.270669
-0.270679
0.151066
0.151059
Points: 6.46629 0 5.16544
Tanget: 0.954489 0 0.298247
Nornmal -0.260437 -0.487318 0.833483
BiNormal: 0.145341 -0.873224 -0.46514
-0.263834
-0.26385
0.147251
0.14724
-0.263832
-0.263847
0.147247
0.147236
Points: 6.51876 0 5.1816
Tanget: 0.956876 0 0.290498
Nornmal -0.253672 -0.487306 0.835574
BiNormal: 0.141561 -0.873231 -0.466291
-0.257049
-0.257047
0.14345
0.143447
-0.257054
-0.257052
0.143453
0.14345
Points: 6.57143 0 5.19736
Tanget: 0.959179 0 0.282798
Nornmal -0.24695 -0.487294 0.837592
BiNormal: 0.137806 -0.873238 -0.467402
-0.250303
-0.250307
0.139687
0.139676
-0.250301
-0.250305
0.139688
0.139677
Points: 6.6243 0 5.21272
Tanget: 0.961402 0 0.275147
Nornmal -0.240271 -0.487282 0.839539
BiNormal: 0.134074 -0.873245 -0.468474
-0.243599
-0.243613
0.135944
0.135934
-0.243596
-0.243611
0.135941
0.135931
Points: 6.67737 0 5.22768
Tanget: 0.963546 0 0.267542
Nornmal -0.233631 -0.487271 0.841418
BiNormal: 0.130365 -0.873251 -0.469508
-0.236942
-0.236953
0.132222
0.132212
-0.236939
-0.23695
0.13222
0.13221
Points: 6.73062 0 5.24224
Tanget: 0.965614 0 0.259982
Nornmal -0.227031 -0.487259 0.843229
BiNormal: 0.126678 -0.873257 -0.470504
-0.230332
-0.230337
0.128525
0.128518
-0.230332
-0.230337
0.128526
0.128518
Points: 6.78404 0 5.2564
Tanget: 0.967606 0 0.252463
Nornmal -0.220467 -0.487248 0.844976
BiNormal: 0.123012 -0.873264 -0.471464
-0.223747
-0.223747
0.124845
0.124841
-0.22375
-0.22375
0.124848
0.124843
Points: 6.83762 0 5.27016
Tanget: 0.969527 0 0.244985
Nornmal -0.213938 -0.487237 0.846659
BiNormal: 0.119366 -0.87327 -0.472389
-0.217187
-0.217198
0.121188
0.121185
-0.217191
-0.217202
0.121186
0.121183
Points: 6.89136 0 5.28352
Tanget: 0.971376 0 0.237546
Nornmal -0.207443 -0.487226 0.84828
BiNormal: 0.115738 -0.873276 -0.47328
-0.21069
-0.210689
0.117555
0.117547
-0.210689
-0.210688
0.117558
0.11755
Points: 6.94525 0 5.29648
Tanget: 0.973157 0 0.230142
Nornmal -0.200979 -0.487215 0.849841
BiNormal: 0.112129 -0.873282 -0.474137
-0.204206
-0.204213
0.113938
0.113929
-0.204204
-0.20421
0.113938
0.113929
Points: 6.99927 0 5.30904
Tanget: 0.97487 0 0.222773
Nornmal -0.194545 -0.487204 0.851343
BiNormal: 0.108536 -0.873288 -0.474961
-0.197764
-0.197766
0.110338
0.11033
-0.197762
-0.197765
0.110339
0.110331
Points: 7.05342 0 5.3212
Tanget: 0.976518 0 0.215435
Nornmal -0.188138 -0.487194 0.852787
BiNormal: 0.104959 -0.873294 -0.475754
-0.191334
-0.191339
0.106748
0.10674
-0.191331
-0.191337
0.106748
0.10674
Points: 7.10769 0 5.33296
Tanget: 0.978102 0 0.208128
Nornmal -0.181758 -0.487184 0.854176
BiNormal: 0.101396 -0.8733 -0.476515
-0.184944
-0.18495
0.10318
0.103176
-0.184946
-0.184952
0.10318
0.103175
Points: 7.16207 0 5.34432
Tanget: 0.979622 0 0.200848
Nornmal -0.175402 -0.487173 0.85551
BiNormal: 0.0978478 -0.873305 -0.477246
-0.178568
-0.178579
0.0996234
0.0996173
-0.178568
-0.17858
0.0996206
0.0996145
Points: 7.21655 0 5.35528
Tanget: 0.981082 0 0.193594
Nornmal -0.169068 -0.487163 0.856789
BiNormal: 0.0943118 -0.873311 -0.477947
-0.172229
-0.172239
0.0960833
0.0960805
-0.172233
-0.172243
0.0960811
0.0960783
Points: 7.27113 0 5.36584
Tanget: 0.982481 0 0.186364
Nornmal -0.162754 -0.487153 0.858017
BiNormal: 0.0907876 -0.873317 -0.478619
-0.16591
-0.165916
0.0925541
0.0925452
-0.165907
-0.165912
0.092554
0.0925452
Points: 7.32578 0 5.376
Tanget: 0.983821 0 0.179155
Nornmal -0.15646 -0.487143 0.859193
BiNormal: 0.0872739 -0.873322 -0.479262
-0.159603
-0.159609
0.0890325
0.0890284
-0.159605
-0.159611
0.0890321
0.0890281
Points: 7.38051 0 5.38576
Tanget: 0.985103 0 0.171965
Nornmal -0.150182 -0.487133 0.860318
BiNormal: 0.0837698 -0.873328 -0.479876
-0.153322
-0.153316
0.0855216
0.0855167
-0.153323
-0.153317
0.0855265
0.0855215
Points: 7.43531 0 5.39512
Tanget: 0.986328 0 0.164792
Nornmal -0.143919 -0.487123 0.861393
BiNormal: 0.0802742 -0.873333 -0.480464
-0.147054
-0.147064
0.0820317
0.0820202
-0.147047
-0.147056
0.0820296
0.0820181
Points: 7.49016 0 5.40408
Tanget: 0.987497 0 0.157635
Nornmal -0.137668 -0.487114 0.86242
BiNormal: 0.076786 -0.873339 -0.481023
-0.140784
-0.140785
0.0785262
0.0785275
-0.140792
-0.140794
0.0785279
0.0785291
Points: 7.54506 0 5.41264
Tanget: 0.988612 0 0.15049
Nornmal -0.131429 -0.487104 0.863398
BiNormal: 0.0733041 -0.873344 -0.481556
-0.134552
-0.134558
0.075053
0.0750415
-0.134544
-0.134551
0.0750522
0.0750407
Points: 7.6 0 5.4208
Tanget: 0.989671 0 0.143355
Nornmal -0.125199 -0.487094 0.864329
BiNormal: 0.0698274 -0.873349 -0.482063
-0.128305
-0.128312
0.0715651
0.0715605
-0.128306
-0.128313
0.071564
0.0715594
Points: 7.65496 0 5.42856
Tanget: 0.990677 0 0.136229
Nornmal -0.118976 -0.487085 0.865213
BiNormal: 0.0663549 -0.873355 -0.482544
-0.12209
-0.122087
0.0680926
0.0680869
-0.122089
-0.122087
0.0680958
0.0680901
Points: 7.70995 0 5.43592
Tanget: 0.991631 0 0.129108
Nornmal -0.112758 -0.487075 0.866051
BiNormal: 0.0628854 -0.87336 -0.482998
-0.115864
-0.115868
0.0646222
0.0646179
-0.115865
-0.115869
0.0646222
0.0646179
Points: 7.76494 0 5.44288
Tanget: 0.992531 0 0.121992
Nornmal -0.106543 -0.487065 0.866843
BiNormal: 0.0594179 -0.873365 -0.483428
-0.109641
-0.109655
0.0611548
0.0611518
-0.109644
-0.109658
0.0611504
0.0611473
Points: 7.81994 0 5.44944
Tanget: 0.99338 0 0.114876
Nornmal -0.10033 -0.487056 0.867589
BiNormal: 0.0559512 -0.873371 -0.483831
-0.10344
-0.103444
0.0576901
0.0576863
-0.103441
-0.103446
0.0576901
0.0576863
Points: 7.87494 0 5.4556
Tanget: 0.994177 0 0.10776
Nornmal -0.0941151 -0.487046 0.86829
BiNormal: 0.0524842 -0.873376 -0.48421
-0.0972212
-0.0972244
0.0542204
0.0542125
-0.0972172
-0.0972204
0.0542211
0.0542132
Points: 7.92991 0 5.46136
Tanget: 0.994923 0 0.100641
Nornmal -0.0878977 -0.487037 0.868947
BiNormal: 0.0490157 -0.873381 -0.484564
-0.0910075
-0.0910102
0.0507531
0.0507512
-0.0910117
-0.0910144
0.050754
0.0507521
Points: 7.98486 0 5.46672
Tanget: 0.995618 0 0.0935156
Nornmal -0.0816753 -0.487027 0.869559
BiNormal: 0.0455446 -0.873387 -0.484893
-0.0847898
-0.0847929
0.0472855
0.0472785
-0.0847867
-0.0847898
0.0472862
0.0472791
Points: 8.03978 0 5.47168
Tanget: 0.996262 0 0.0863825
Nornmal -0.0754458 -0.487018 0.870127
BiNormal: 0.0420698 -0.873392 -0.485197
-0.0785514
-0.0785624
0.0438092
0.0438038
-0.0785505
-0.0785616
0.0438059
0.0438005
Points: 8.09466 0 5.47624
Tanget: 0.996856 0 0.0792391
Nornmal -0.0692072 -0.487008 0.870651
BiNormal: 0.0385901 -0.873397 -0.485477
-0.072327
-0.0723291
0.0403323
0.0403275
-0.0723269
-0.0723291
0.0403334
0.0403287
Points: 8.14948 0 5.4804
Tanget: 0.997399 0 0.0720828
Nornmal -0.0629573 -0.486999 0.871131
BiNormal: 0.0351042 -0.873403 -0.485732
-0.0660859
-0.0660876
0.0368512
0.0368519
-0.0660942
-0.0660959
0.0368525
0.0368533
Points: 8.20424 0 5.48416
Tanget: 0.997891 0 0.0649111
Nornmal -0.0566939 -0.486989 0.871566
BiNormal: 0.031611 -0.873408 -0.485962
-0.0598243
-0.0598338
0.0333637
0.0333552
-0.0598184
-0.0598279
0.0333611
0.0333526
Points: 8.25893 0 5.48752
Tanget: 0.998333 0 0.0577217
Nornmal -0.0504149 -0.486979 0.871957
BiNormal: 0.0281093 -0.873414 -0.486167
-0.0535551
-0.0535569
0.0298626
0.0298553
-0.0535509
-0.0535527
0.0298639
0.0298566
Points: 8.31355 0 5.49048
Tanget: 0.998723 0 0.050512
Nornmal -0.0441181 -0.48697 0.872304
BiNormal: 0.0245978 -0.873419 -0.486348
-0.0472709
-0.0472713
0.0263571
0.0263546
-0.0472742
-0.0472745
0.0263592
0.0263567
Points: 8.36807 0 5.49304
Tanget: 0.999063 0 0.0432794
Nornmal -0.0378013 -0.48696 0.872606
BiNormal: 0.0210753 -0.873424 -0.486504
-0.0409651
-0.0409657
0.0228412
0.0228357
-0.0409637
-0.0409643
0.0228431
0.0228377
Points: 8.4225 0 5.4952
Tanget: 0.999351 0 0.0360213
Nornmal -0.0314621 -0.48695 0.872863
BiNormal: 0.0175406 -0.87343 -0.486634
-0.0346256
-0.0346336
0.0193101
0.0193042
-0.0346233
-0.0346314
0.0193081
0.0193022
Points: 8.47682 0 5.49696
Tanget: 0.999587 0 0.0287351
Nornmal -0.0250983 -0.48694 0.873075
BiNormal: 0.0139923 -0.873435 -0.486739
-0.0282767
-0.0282841
0.0157695
0.0157692
-0.0282837
-0.0282911
0.0157678
0.0157676
Points: 8.53103 0 5.49832
Tanget: 0.999771 0 0.0214182
Nornmal -0.0187075 -0.48693 0.873241
BiNormal: 0.0104292 -0.873441 -0.486819
-0.0219178
-0.021917
0.0122198
0.0122104
-0.0219094
-0.0219086
0.0122226
0.0122132
Points: 8.58511 0 5.49928
Tanget: 0.999901 0 0.0140678
Nornmal -0.0122875 -0.48692 0.87336
BiNormal: 0.00684989 -0.873446 -0.486872
-0.0154923
-0.0154985
0.00864099
0.00864116
-0.0155001
-0.0155064
0.00863993
0.00864011
Points: 8.63907 0 5.49984
Tanget: 0.999978 0 0.0066812
Nornmal -0.00583571 -0.48691 0.873433
BiNormal: 0.00325314 -0.873452 -0.486899
-0.00905957
-0.00906512
0.0050545
0.00505035
-0.00906002
-0.00906558
0.00505385
0.00504971
Points: 8.69287 0 5.5
Tanget: 1 0 -0.000744394
Nornmal 0.000650197 -0.4869 0.873458
BiNormal: -0.000362445 -0.873458 -0.4869
-0.00260216
-0.00260672
0.00145409
0.00144558
-0.0025948
-0.00259935
0.00145399
0.00144549
Points: 8.74653 0 5.49976
Tanget: 0.999966 0 -0.00821181
Nornmal 0.00717272 -0.486889 0.873434
BiNormal: -0.00399824 -0.873464 -0.486873
0.00391387
0.00391038
-0.00217878
-0.00218306
0.00391368
0.00391018
-0.0021783
-0.00218257
Points: 8.80003 0 5.49912
Tanget: 0.999876 0 -0.0157239
Nornmal 0.0137344 -0.486879 0.873361
BiNormal: -0.00765565 -0.873469 -0.486819
0.010452
0.0104496
-0.00582382
-0.00582419
0.0104447
0.0104422
-0.00582269
-0.00582306
Points: 8.85336 0 5.49808
Tanget: 0.999729 0 -0.0232837
Nornmal 0.0203377 -0.486868 0.873239
BiNormal: -0.0113361 -0.873475 -0.486736
0.0170305
0.0170221
-0.0094873
-0.00949638
0.0170393
0.017031
-0.00948953
-0.00949861
Points: 8.90651 0 5.49664
Tanget: 0.999523 0 -0.030894
Nornmal 0.0269854 -0.486858 0.873064
BiNormal: -0.015041 -0.873481 -0.486625
0.0236587
0.0236594
-0.0131864
-0.013188
0.0236535
0.0236542
-0.0131834
-0.013185
Points: 8.95948 0 5.4948
Tanget: 0.999256 0 -0.038558
Nornmal 0.0336799 -0.486847 0.872838
BiNormal: -0.0187718 -0.873487 -0.486485
0.0303257
0.0303202
-0.0168987
-0.0169009
0.0303215
0.0303161
-0.0168993
-0.0169015
Points: 9.01224 0 5.49256
Tanget: 0.998929 0 -0.0462787
Nornmal 0.0404241 -0.486836 0.872558
BiNormal: -0.0225301 -0.873494 -0.486314
0.0370475
0.0370436
-0.0206458
-0.0206533
0.0370537
0.0370499
-0.0206454
-0.0206529
Points: 9.06481 0 5.48992
Tanget: 0.998538 0 -0.0540592
Nornmal 0.0472207 -0.486824 0.872223
BiNormal: -0.0263173 -0.8735 -0.486112
0.043821
0.0438128
-0.0244174
-0.0244179
0.0438131
0.0438049
-0.0244196
-0.02442
Points: 9.11716 0 5.48688
Tanget: 0.998082 0 -0.0619028
Nornmal 0.0540725 -0.486813 0.871831
BiNormal: -0.0301351 -0.873506 -0.485879
0.0506463
0.05064
-0.0282221
-0.0282282
0.0506499
0.0506436
-0.0282231
-0.0282292
Points: 9.16928 0 5.48344
Tanget: 0.99756 0 -0.0698126
Nornmal 0.0609822 -0.486801 0.871382
BiNormal: -0.0339849 -0.873513 -0.485613
0.0575211
0.0575177
-0.032054
-0.0320579
0.05752
0.0575166
-0.0320532
-0.032057
Points: 9.22118 0 5.4796
Tanget: 0.99697 0 -0.077792
Nornmal 0.0679529 -0.486789 0.870872
BiNormal: -0.0378683 -0.873519 -0.485314
0.0644621
0.0644547
-0.0359189
-0.0359244
0.0644647
0.0644573
-0.0359205
-0.0359261
Points: 9.27283 0 5.47536
Tanget: 0.996309 0 -0.0858444
Nornmal 0.0749873 -0.486777 0.870302
BiNormal: -0.0417871 -0.873526 -0.48498
0.0714675
0.0714613
-0.0398219
-0.0398257
0.0714663
0.0714601
-0.0398228
-0.0398266
Points: 9.32424 0 5.47072
Tanget: 0.995575 0 -0.0939732
Nornmal 0.0820887 -0.486765 0.869667
BiNormal: -0.0457428 -0.873533 -0.484611
0.0785346
0.0785333
-0.0437619
-0.0437648
0.0785314
0.0785302
-0.0437596
-0.0437626
Points: 9.37538 0 5.46568
Tanget: 0.994766 0 -0.102182
Nornmal 0.0892598 -0.486752 0.868968
BiNormal: -0.0497372 -0.87354 -0.484204
0.0856615
0.0856572
-0.0477305
-0.0477358
0.0856636
0.0856593
-0.0477301
-0.0477354
Points: 9.42626 0 5.46024
Tanget: 0.993879 0 -0.110474
Nornmal 0.096504 -0.486739 0.8682
BiNormal: -0.0537719 -0.873547 -0.48376
0.0928766
0.0928767
-0.0517519
-0.0517577
0.09288
0.09288
-0.0517487
-0.0517545
Points: 9.47686 0 5.4544
Tanget: 0.992912 0 -0.118853
Nornmal 0.103824 -0.486726 0.867363
BiNormal: -0.0578487 -0.873555 -0.483276
0.100156
0.100146
-0.0557993
-0.0558037
0.100156
0.100146
-0.055803
-0.0558074
Points: 9.52717 0 5.44816
Tanget: 0.991861 0 -0.127323
Nornmal 0.111224 -0.486713 0.866453
BiNormal: -0.0619695 -0.873562 -0.482751
0.107524
0.10752
-0.0599063
-0.0599111
0.107525
0.107521
-0.0599056
-0.0599104
Points: 9.57719 0 5.44152
Tanget: 0.990724 0 -0.135887
Nornmal 0.118707 -0.486699 0.865467
BiNormal: -0.0661359 -0.87357 -0.482184
0.11496
0.114953
-0.0640448
-0.0640472
0.114955
0.114948
-0.0640463
-0.0640486
Points: 9.62691 0 5.43448
Tanget: 0.989498 0 -0.144549
Nornmal 0.126275 -0.486684 0.864403
BiNormal: -0.0703498 -0.873578 -0.481573
0.122484
0.122477
-0.0682353
-0.0682419
0.12249
0.122483
-0.0682362
-0.0682428
Points: 9.67631 0 5.42704
Tanget: 0.988178 0 -0.153314
Nornmal 0.133933 -0.48667 0.863258
BiNormal: -0.0746131 -0.873586 -0.480916
0.130091
0.130089
-0.0724723
-0.0724741
0.130084
0.130082
-0.0724704
-0.0724722
Points: 9.72539 0 5.4192
Tanget: 0.986761 0 -0.162184
Nornmal 0.141683 -0.486655 0.862028
BiNormal: -0.0789277 -0.873594 -0.480212
0.1378
0.137797
-0.0767653
-0.0767709
0.137803
0.1378
-0.0767635
-0.0767692
Points: 9.77414 0 5.41096
Tanget: 0.985242 0 -0.171165
Nornmal 0.14953 -0.486639 0.860711
BiNormal: -0.0832955 -0.873603 -0.479458
0.145607
0.145597
-0.0811064
-0.0811092
0.145602
0.145593
-0.0811091
-0.0811119
Points: 9.82255 0 5.40232
Tanget: 0.983619 0 -0.180259
Nornmal 0.157477 -0.486624 0.859301
BiNormal: -0.0877184 -0.873612 -0.478652
0.153487
0.153482
-0.0854966
-0.0855035
0.153494
0.15349
-0.0854955
-0.0855025
Points: 9.87062 0 5.39328
Tanget: 0.981886 0 -0.189472
Nornmal 0.165527 -0.486607 0.857796
BiNormal: -0.0921984 -0.873621 -0.477793
0.161495
0.161487
-0.0899498
-0.0899521
0.161488
0.16148
-0.0899513
-0.0899535
Points: 9.91832 0 5.38384
Tanget: 0.980039 0 -0.198807
Nornmal 0.173684 -0.48659 0.856191
BiNormal: -0.0967375 -0.87363 -0.476877
0.169596
0.169588
-0.0944594
-0.0944657
0.169602
0.169594
-0.0944607
-0.094467
Points: 9.96565 0 5.374
Tanget: 0.978072 0 -0.208268
Nornmal 0.181951 -0.486573 0.854482
BiNormal: -0.101338 -0.87364 -0.475903
0.177807
0.177807
-0.0990326
-0.0990359
0.177803
0.177803
-0.0990277
-0.099031
Points: 10.0126 0 5.36376
Tanget: 0.97598 0 -0.21786
Nornmal 0.190334 -0.486555 0.852665
BiNormal: -0.106001 -0.87365 -0.474868
0.186136
0.186125
-0.10366
-0.103664
0.186136
0.186124
-0.103664
-0.103669
Points: 10.0592 0 5.35312
Tanget: 0.973758 0 -0.227587
Nornmal 0.198834 -0.486537 0.850733
BiNormal: -0.11073 -0.87366 -0.473769
0.194572
0.194566
-0.108356
-0.108364
0.194583
0.194577
-0.108356
-0.108364
Points: 10.1054 0 5.34208
Tanget: 0.971399 0 -0.237453
Nornmal 0.207456 -0.486517 0.848683
BiNormal: -0.115525 -0.873671 -0.472603
0.203135
0.203129
-0.113117
-0.113119
0.203127
0.203121
-0.113116
-0.113119
Points: 10.1512 0 5.33064
Tanget: 0.968897 0 -0.247463
Nornmal 0.216204 -0.486498 0.846508
BiNormal: -0.12039 -0.873682 -0.471366
0.211826
0.211821
-0.117954
-0.117958
0.211826
0.211821
-0.117952
-0.117957
Points: 10.1965 0 5.3188
Tanget: 0.966246 0 -0.25762
Nornmal 0.225081 -0.486477 0.844203
BiNormal: -0.125326 -0.873693 -0.470057
0.220629
0.220623
-0.122849
-0.122852
0.220625
0.22062
-0.122848
-0.122852
Points: 10.2415 0 5.30656
Tanget: 0.963439 0 -0.26793
Nornmal 0.234091 -0.486456 0.841761
BiNormal: -0.130336 -0.873705 -0.468671
0.229573
0.229566
-0.127823
-0.127828
0.229576
0.22957
-0.127822
-0.127828
Points: 10.286 0 5.29392
Tanget: 0.960467 0 -0.278395
Nornmal 0.243239 -0.486434 0.839176
BiNormal: -0.135421 -0.873717 -0.467204
0.238647
0.238639
-0.132865
-0.132872
0.238656
0.238648
-0.132867
-0.132873
Points: 10.3301 0 5.28088
Tanget: 0.957323 0 -0.289021
Nornmal 0.252526 -0.486411 0.836442
BiNormal: -0.140583 -0.87373 -0.465653
0.247877
0.247869
-0.137993
-0.137996
0.247871
0.247863
-0.137994
-0.137997
Points: 10.3737 0 5.26744
Tanget: 0.953998 0 -0.299812
Nornmal 0.261958 -0.486388 0.833549
BiNormal: -0.145825 -0.873743 -0.464013
0.257231
0.257222
-0.143193
-0.143198
0.257234
0.257226
-0.143194
-0.143199
Points: 10.4169 0 5.2536
Tanget: 0.950485 0 -0.310771
Nornmal 0.271538 -0.486363 0.830493
BiNormal: -0.151148 -0.873757 -0.462281
0.266742
0.266733
-0.148477
-0.148479
0.26673
0.266722
-0.148477
-0.148479
Points: 10.4596 0 5.23936
Tanget: 0.946773 0 -0.321903
Nornmal 0.281269 -0.486338 0.827263
BiNormal: -0.156553 -0.873771 -0.460451
0.276395
0.276385
-0.153842
-0.153848
0.276404
0.276394
-0.153845
-0.153851
Points: 10.5018 0 5.22472
Tanget: 0.942852 0 -0.333211
Nornmal 0.291155 -0.486311 0.823851
BiNormal: -0.162044 -0.873786 -0.458519
0.286202
0.286193
-0.159287
-0.159291
0.2862
0.286192
-0.159288
-0.159292
Points: 10.5435 0 5.20968
Tanget: 0.938713 0 -0.3447
Nornmal 0.301199 -0.486283 0.820249
BiNormal: -0.167622 -0.873801 -0.45648
0.296161
0.296155
-0.164821
-0.164826
0.296164
0.296158
-0.164819
-0.164823
Points: 10.5848 0 5.19424
Tanget: 0.934344 0 -0.356372
Nornmal 0.311404 -0.486254 0.816446
BiNormal: -0.173287 -0.873817 -0.454329
0.306293
0.306286
-0.170446
-0.170449
0.306282
0.306275
-0.170445
-0.170447
Points: 10.6256 0 5.1784
Tanget: 0.929735 0 -0.36823
Nornmal 0.321772 -0.486224 0.812434
BiNormal: -0.179043 -0.873834 -0.45206
0.316583
0.316567
-0.176156
-0.17616
0.316589
0.316573
-0.176162
-0.176167
Points: 10.6658 0 5.16216
Tanget: 0.924872 0 -0.380279
Nornmal 0.332307 -0.486193 0.808201
BiNormal: -0.184889 -0.873851 -0.449666
0.327032
0.327026
-0.18196
-0.181963
0.327028
0.327023
-0.181956
-0.18196
Points: 10.7055 0 5.14552
Tanget: 0.919744 0 -0.392519
Nornmal 0.343011 -0.48616 0.803736
BiNormal: -0.190827 -0.87387 -0.447143
0.337642
0.337639
-0.187852
-0.187856
0.337648
0.337644
-0.187847
-0.187851
Points: 10.7447 0 5.12848
Tanget: 0.914337 0 -0.404955
Nornmal 0.353885 -0.486126 0.799029
BiNormal: -0.196859 -0.873889 -0.444483
0.348437
0.348423
-0.193831
-0.193834
0.348432
0.348418
-0.193835
-0.193838
Points: 10.7834 0 5.11104
Tanget: 0.908637 0 -0.417586
Nornmal 0.364932 -0.486091 0.794066
BiNormal: -0.202985 -0.873908 -0.44168
0.359397
0.359388
-0.199914
-0.199917
0.359394
0.359384
-0.199914
-0.199917
Points: 10.8215 0 5.0932
Tanget: 0.902631 0 -0.430416
Nornmal 0.376153 -0.486053 0.788835
BiNormal: -0.209205 -0.873929 -0.438727
0.370537
0.370529
-0.206095
-0.206098
0.370545
0.370537
-0.206093
-0.206096
Points: 10.859 0 5.07496
Tanget: 0.896302 0 -0.443443
Nornmal 0.387548 -0.486014 0.783324
BiNormal: -0.21552 -0.873951 -0.435616
0.381834
0.381825
-0.212352
-0.212354
0.381836
0.381826
-0.212352
-0.212354
Points: 10.896 0 5.05632
Tanget: 0.889637 0 -0.456669
Nornmal 0.399117 -0.485974 0.777519
BiNormal: -0.221929 -0.873973 -0.43234
0.393324
0.393314
-0.218718
-0.21872
0.393323
0.393313
-0.218718
-0.21872
Points: 10.9324 0 5.03728
Tanget: 0.882617 0 -0.470094
Nornmal 0.41086 -0.485931 0.771404
BiNormal: -0.228433 -0.873997 -0.428891
0.404974
0.404961
-0.225168
-0.225169
0.404967
0.404954
-0.225172
-0.225173
Points: 10.9683 0 5.01784
Tanget: 0.875226 0 -0.483714
Nornmal 0.422777 -0.485886 0.764967
BiNormal: -0.23503 -0.874022 -0.42526
0.416808
0.416802
-0.231731
-0.231732
0.416818
0.416811
-0.231727
-0.231728
Points: 11.0035 0 4.99799
Tanget: 0.866637 0 -0.498939
Nornmal 0.4361 -0.48583 0.757487
BiNormal: -0.2424 -0.874054 -0.421038
0.428884
0.42887
-0.238402
-0.238402
0.428874
0.428859
-0.238405
-0.238405
Points: 11.0381 0 4.97734
Tanget: 0.850234 0 -0.526405
Nornmal 0.460162 -0.48564 0.74324
BiNormal: -0.255643 -0.874159 -0.412907
0.448244
0.448203
-0.24909
-0.249086
0.448252
0.448211
-0.249094
-0.249089
Points: 11.072 0 4.95561
Tanget: 0.833278 0 -0.552855
Nornmal 0.483339 -0.485457 0.728502
BiNormal: -0.268387 -0.874261 -0.40452
0.47189
0.471859
-0.262102
-0.262092
0.471875
0.471843
-0.262101
-0.26209
Points: 11.1052 0 4.93282
Tanget: 0.815865 0 -0.578243
Nornmal 0.505592 -0.485281 0.713358
BiNormal: -0.28061 -0.874358 -0.395923
0.494586
0.494561
-0.274591
-0.274574
0.494592
0.494566
-0.27459
-0.274572
Points: 11.1378 0 4.909
Tanget: 0.79809 0 -0.602538
Nornmal 0.526891 -0.485113 0.697891
BiNormal: -0.292299 -0.874452 -0.387163
0.516367
0.516347
-0.286552
-0.286529
0.51637
0.516348
-0.286551
-0.286528
Points: 11.1697 0 4.88416
Tanget: 0.780048 0 -0.625719
Nornmal 0.547217 -0.484952 0.682184
BiNormal: -0.303444 -0.874541 -0.378286
0.53718
0.537165
-0.297973
-0.297946
0.537184
0.537168
-0.297971
-0.297943
Points: 11.2009 0 4.85833
Tanget: 0.76183 0 -0.647777
Nornmal 0.566562 -0.484801 0.666315
BiNormal: -0.314043 -0.874625 -0.369336
0.557007
0.556994
-0.308837
-0.308806
0.557009
0.556995
-0.308841
-0.308809
Points: 11.2316 0 4.83153
Tanget: 0.74352 0 -0.668714
Nornmal 0.584927 -0.484657 0.65036
BiNormal: -0.324097 -0.874704 -0.360352
0.575868
0.57586
-0.319169
-0.319136
0.575869
0.57586
-0.319169
-0.319135
Points: 11.2616 0 4.80377
Tanget: 0.725199 0 -0.688539
Nornmal 0.60232 -0.484522 0.634389
BiNormal: -0.333612 -0.874779 -0.351375
0.593742
0.593737
-0.328952
-0.328915
0.593745
0.593739
-0.328953
-0.328916
Points: 11.291 0 4.77509
Tanget: 0.706941 0 -0.707272
Nornmal 0.618757 -0.484395 0.618467
BiNormal: -0.342599 -0.874849 -0.342439
0.610653
0.610651
-0.338202
-0.338161
0.610661
0.610659
-0.3382
-0.338158
Points: 11.3199 0 4.7455
Tanget: 0.688814 0 -0.724938
Nornmal 0.634259 -0.484276 0.602654
BiNormal: -0.35107 -0.874915 -0.333577
0.626625
0.626627
-0.346927
-0.346895
0.626611
0.626612
-0.346926
-0.346893
Points: 11.3481 0 4.71502
Tanget: 0.670879 0 -0.741567
Nornmal 0.648854 -0.484166 0.587003
BiNormal: -0.359041 -0.874976 -0.324816
0.641647
0.641651
-0.355149
-0.355106
0.641655
0.641658
-0.355149
-0.355105
Points: 11.3758 0 4.68367
Tanget: 0.653188 0 -0.757195
Nornmal 0.662571 -0.484062 0.571562
BiNormal: -0.36653 -0.875034 -0.316184
0.655822
0.655828
-0.362879
-0.362841
0.655819
0.655825
-0.362882
-0.362844
Points: 11.4029 0 4.65148
Tanget: 0.635791 0 -0.771861
Nornmal 0.675445 -0.483966 0.556372
BiNormal: -0.373555 -0.875087 -0.307701
0.669091
0.669099
-0.370125
-0.370078
0.669102
0.669109
-0.370125
-0.370078
Points: 11.4295 0 4.61847
Tanget: 0.618727 0 -0.785606
Nornmal 0.687512 -0.483877 0.54147
BiNormal: -0.380137 -0.875136 -0.299388
0.681581
0.68159
-0.376925
-0.376893
0.681572
0.681581
-0.376926
-0.376894
Points: 11.4556 0 4.58464
Tanget: 0.602031 0 -0.798472
Nornmal 0.698808 -0.483795 0.526887
BiNormal: -0.386297 -0.875181 -0.29126
0.693242
0.693251
-0.383298
-0.383259
0.693243
0.693251
-0.383297
-0.383258
Points: 11.4811 0 4.55004
Tanget: 0.585733 0 -0.810504
Nornmal 0.709372 -0.483719 0.512647
BiNormal: -0.392056 -0.875223 -0.28333
0.704174
0.704183
-0.389258
-0.389224
0.70417
0.70418
-0.389257
-0.389223
Points: 11.5062 0 4.51468
Tanget: 0.569856 0 -0.821744
Nornmal 0.719242 -0.483649 0.498774
BiNormal: -0.397436 -0.875262 -0.27561
0.714383
0.714392
-0.394828
-0.394792
0.714383
0.714392
-0.394828
-0.394792
Points: 11.5307 0 4.47857
Tanget: 0.55442 0 -0.832237
Nornmal 0.728455 -0.483584 0.485283
BiNormal: -0.402457 -0.875298 -0.268109
0.723919
0.72393
-0.400024
-0.399992
0.723917
0.723928
-0.400025
-0.399993
Points: 11.5548 0 4.44174
Tanget: 0.539439 0 -0.842025
Nornmal 0.73705 -0.483525 0.472187
BiNormal: -0.40714 -0.875331 -0.260832
0.732809
0.732815
-0.404875
-0.404834
0.732817
0.732822
-0.404871
-0.40483
Points: 11.5783 0 4.40422
Tanget: 0.524924 0 -0.851149
Nornmal 0.745062 -0.48347 0.459498
BiNormal: -0.411505 -0.875361 -0.253785
0.741111
0.741132
-0.40938
-0.409348
0.741112
0.741132
-0.409388
-0.409356
Points: 11.6015 0 4.36601
Tanget: 0.510884 0 -0.85965
Nornmal 0.752527 -0.483421 0.447222
BiNormal: -0.415572 -0.875388 -0.246972
0.748867
0.748875
-0.4136
-0.413576
0.748862
0.74887
-0.413598
-0.413574
Points: 11.6241 0 4.32715
Tanget: 0.497322 0 -0.867566
Nornmal 0.759479 -0.483375 0.435363
BiNormal: -0.41936 -0.875413 -0.240393
0.756052
0.756057
-0.417526
-0.417495
0.756055
0.756059
-0.417523
-0.417491
Points: 11.6464 0 4.28766
Tanget: 0.484242 0 -0.874934
Nornmal 0.765949 -0.483333 0.423923
BiNormal: -0.422885 -0.875436 -0.23405
0.762762
0.762771
-0.421179
-0.42115
0.762764
0.762773
-0.421179
-0.42115
Points: 11.6682 0 4.24755
Tanget: 0.471642 0 -0.88179
Nornmal 0.77197 -0.483295 0.412903
BiNormal: -0.426165 -0.875458 -0.227942
0.768998
0.769015
-0.424567
-0.424548
0.768995
0.769012
-0.424572
-0.424552
Points: 11.6896 0 4.20684
Tanget: 0.459522 0 -0.888166
Nornmal 0.777569 -0.48326 0.402301
BiNormal: -0.429216 -0.875477 -0.222069
0.77482
0.774828
-0.427741
-0.42771
0.774825
0.774833
-0.427741
-0.427709
Points: 11.7106 0 4.16556
Tanget: 0.447878 0 -0.894095
Nornmal 0.782775 -0.483229 0.392115
BiNormal: -0.432052 -0.875494 -0.216428
0.780223
0.780234
-0.430671
-0.430654
0.78022
0.780232
-0.430672
-0.430655
Points: 11.7313 0 4.12373
Tanget: 0.436706 0 -0.899605
Nornmal 0.787613 -0.4832 0.38234
BiNormal: -0.434689 -0.87551 -0.211016
0.785235
0.785236
-0.433408
-0.433378
0.78524
0.785242
-0.433405
-0.433376
Points: 11.7515 0 4.08137
Tanget: 0.425999 0 -0.904724
Nornmal 0.792108 -0.483174 0.372972
BiNormal: -0.437139 -0.875524 -0.205832
0.789893
0.789896
-0.435938
-0.435927
0.78989
0.789893
-0.435936
-0.435925
Points: 11.7714 0 4.0385
Tanget: 0.415752 0 -0.909478
Nornmal 0.796282 -0.48315 0.364006
BiNormal: -0.439415 -0.875537 -0.200871
0.794225
0.794239
-0.438307
-0.438297
0.794221
0.794235
-0.438309
-0.438299
Points: 11.7909 0 3.99514
Tanget: 0.405958 0 -0.913892
Nornmal 0.800157 -0.483129 0.355436
BiNormal: -0.441528 -0.875549 -0.19613
0.798247
0.798256
-0.440502
-0.440476
0.798254
0.798264
-0.440503
-0.440475
Points: 11.8101 0 3.95132
Tanget: 0.396608 0 -0.917988
Nornmal 0.803753 -0.48311 0.347254
BiNormal: -0.443489 -0.87556 -0.191605
0.801994
0.802002
-0.442529
-0.442521
0.801992
0.801999
-0.442527
-0.442521
Points: 11.829 0 3.90704
Tanget: 0.387697 0 -0.921787
Nornmal 0.807088 -0.483092 0.339456
BiNormal: -0.445308 -0.875569 -0.187293
0.805455
0.805462
-0.444422
-0.444408
0.805455
0.805463
-0.444422
-0.444408
Points: 11.8476 0 3.86234
Tanget: 0.379215 0 -0.925309
Nornmal 0.81018 -0.483077 0.332032
BiNormal: -0.446995 -0.875578 -0.18319
0.808675
0.808673
-0.446177
-0.446176
0.80867
0.808668
-0.446175
-0.446174
Points: 11.8658 0 3.81724
Tanget: 0.371155 0 -0.928571
Nornmal 0.813043 -0.483063 0.324978
BiNormal: -0.448558 -0.875586 -0.179291
0.811632
0.811634
-0.447808
-0.447783
0.811638
0.81164
-0.447807
-0.447782
Points: 11.8838 0 3.77175
Tanget: 0.363509 0 -0.931591
Nornmal 0.815694 -0.48305 0.318286
BiNormal: -0.450005 -0.875593 -0.175593
0.814388
0.814396
-0.449294
-0.449279
0.81439
0.814398
-0.449295
-0.44928
Points: 11.9015 0 3.7259
Tanget: 0.356269 0 -0.934383
Nornmal 0.818145 -0.483039 0.311949
BiNormal: -0.451344 -0.875599 -0.172092
0.81694
0.816933
-0.450681
-0.450679
0.816937
0.81693
-0.450678
-0.450676
Points: 11.9189 0 3.6797
Tanget: 0.349428 0 -0.936963
Nornmal 0.820409 -0.483029 0.30596
BiNormal: -0.452581 -0.875604 -0.168784
0.819287
0.819303
-0.451973
-0.451972
0.819285
0.8193
-0.451976
-0.451975
Points: 11.936 0 3.63319
Tanget: 0.342977 0 -0.939344
Nornmal 0.822498 -0.48302 0.300314
BiNormal: -0.453722 -0.875609 -0.165665
0.821474
0.821476
-0.453169
-0.453158
0.821475
0.821477
-0.453168
-0.453158
Points: 11.953 0 3.58637
Tanget: 0.336911 0 -0.941536
Nornmal 0.824422 -0.483013 0.295004
BiNormal: -0.454774 -0.875613 -0.162732
0.823481
0.823485
-0.454261
-0.454261
0.823479
0.823482
-0.454262
-0.454261
Points: 11.9697 0 3.53928
Tanget: 0.331222 0 -0.943553
Nornmal 0.826191 -0.483006 0.290024
BiNormal: -0.455741 -0.875617 -0.159982
0.825325
0.825318
-0.455278
-0.455274
0.825324
0.825317
-0.455276
-0.455272
Points: 11.9861 0 3.49193
Tanget: 0.325904 0 -0.945403
Nornmal 0.827814 -0.483 0.285369
BiNormal: -0.456629 -0.87562 -0.157412
0.827007
0.827018
-0.456203
-0.456199
0.827007
0.827018
-0.456205
-0.4562
Points: 12.0024 0 3.44434
Tanget: 0.320952 0 -0.947096
Nornmal 0.829299 -0.482995 0.281033
BiNormal: -0.457442 -0.875623 -0.155018
0.828572
0.828575
-0.457055
-0.457054
0.828571
0.828574
-0.457055
-0.457054
Points: 12.0185 0 3.39653
Tanget: 0.316358 0 -0.94864
Nornmal 0.830653 -0.482991 0.277011
BiNormal: -0.458184 -0.875626 -0.152798
0.829995
0.830005
-0.457835
-0.457822
0.829998
0.830008
-0.457837
-0.457824
Points: 12.0343 0 3.34854
Tanget: 0.312118 0 -0.950043
Nornmal 0.831884 -0.482987 0.273299
BiNormal: -0.458858 -0.875628 -0.150749
0.831294
0.831283
-0.458533
-0.458542
0.831291
0.83128
-0.458531
-0.45854
Points: 12.0501 0 3.30036
Tanget: 0.308228 0 -0.951313
Nornmal 0.832997 -0.482984 0.269893
BiNormal: -0.459469 -0.875629 -0.148869
0.832449
0.832462
-0.459185
-0.459172
0.832452
0.832465
-0.459187
-0.459175
Points: 12.0656 0 3.25204
Tanget: 0.304682 0 -0.952454
Nornmal 0.833998 -0.482981 0.266789
BiNormal: -0.460017 -0.875631 -0.147156
0.833519
0.833501
-0.459757
-0.459755
0.83352
0.833501
-0.459753
-0.459751
Points: 12.081 0 3.20358
Tanget: 0.301478 0 -0.953473
Nornmal 0.834891 -0.482979 0.263984
BiNormal: -0.460508 -0.875632 -0.145608
0.83444
0.834457
-0.460269
-0.460263
0.834441
0.834459
-0.460272
-0.460266
Points: 12.0963 0 3.15501
Tanget: 0.298611 0 -0.954375
Nornmal 0.835682 -0.482977 0.261474
BiNormal: -0.460941 -0.875633 -0.144223
0.835304
0.835294
-0.460731
-0.460739
0.835302
0.835291
-0.460729
-0.460737
Points: 12.1115 0 3.10635
Tanget: 0.29608 0 -0.955163
Nornmal 0.836373 -0.482976 0.259257
BiNormal: -0.461321 -0.875634 -0.143
0.836032
0.836045
-0.461145
-0.461136
0.836034
0.836047
-0.461148
-0.461139
Points: 12.1265 0 3.05762
Tanget: 0.293881 0 -0.955842
Nornmal 0.836968 -0.482975 0.257332
BiNormal: -0.461648 -0.875634 -0.141937
0.836688
0.836686
-0.46149
-0.46148
0.83669
0.836688
-0.461489
-0.461479
Points: 12.1414 0 3.00885
Tanget: 0.292012 0 -0.956415
Nornmal 0.83747 -0.482974 0.255696
BiNormal: -0.461924 -0.875634 -0.141035
0.837233
0.837231
-0.46178
-0.461789
0.83723
0.837228
-0.46178
-0.461789
Points: 12.1563 0 2.96005
Tanget: 0.290473 0 -0.956883
Nornmal 0.83788 -0.482974 0.254348
BiNormal: -0.46215 -0.875635 -0.140291
0.837687
0.837685
-0.462043
-0.462036
0.837689
0.837686
-0.462042
-0.462035
Points: 12.1711 0 2.91124
Tanget: 0.289263 0 -0.95725
Nornmal 0.838201 -0.482974 0.253288
BiNormal: -0.462326 -0.875635 -0.139706
0.83805
0.838046
-0.462237
-0.462249
0.838047
0.838043
-0.462236
-0.462248
Points: 12.1858 0 2.86245
Tanget: 0.28838 0 -0.957516
Nornmal 0.838435 -0.482973 0.252515
BiNormal: -0.462455 -0.875635 -0.13928
0.838315
0.83831
-0.4624
-0.462398
0.838316
0.838311
-0.462399
-0.462397
Points: 12.2005 0 2.81369
Tanget: 0.287825 0 -0.957683
Nornmal 0.838581 -0.482973 0.25203
BiNormal: -0.462535 -0.875635 -0.139012
0.838505
0.838515
-0.462504
-0.462505
0.838504
0.838515
-0.462505
-0.462507
Points: 12.2151 0 2.76499
Tanget: 0.2876 0 -0.957751
Nornmal 0.83864 -0.482973 0.251833
BiNormal: -0.462568 -0.875635 -0.138903
0.83862
0.838615
-0.462564
-0.462566
0.838619
0.838615
-0.462563
-0.462565
Points: 12.2297 0 2.71637
Tanget: 0.287705 0 -0.957719
Nornmal 0.838612 -0.482973 0.251925
BiNormal: -0.462553 -0.875635 -0.138954
0.838627
0.838622
-0.462574
-0.462565
0.83863
0.838625
-0.462573
-0.462564
Points: 12.2443 0 2.66784
Tanget: 0.288142 0 -0.957588
Nornmal 0.838497 -0.482973 0.252308
BiNormal: -0.462489 -0.875635 -0.139165
0.83855
0.83856
-0.462522
-0.462515
0.838552
0.838562
-0.462524
-0.462516
Points: 12.2589 0 2.61944
Tanget: 0.288914 0 -0.957355
Nornmal 0.838294 -0.482973 0.252983
BiNormal: -0.462377 -0.875635 -0.139538
0.838407
0.838401
-0.46243
-0.462426
0.838408
0.838402
-0.462429
-0.462425
Points: 12.2735 0 2.57118
Tanget: 0.290023 0 -0.95702
Nornmal 0.838 -0.482973 0.253955
BiNormal: -0.462215 -0.875635 -0.140073
0.838147
0.838142
-0.462286
-0.462299
0.838143
0.838139
-0.462286
-0.462298
Points: 12.2881 0 2.52308
Tanget: 0.291474 0 -0.956579
Nornmal 0.837614 -0.482973 0.255225
BiNormal: -0.462001 -0.875635 -0.140774
0.837809
0.83783
-0.462114
-0.462114
0.837809
0.83783
-0.462117
-0.462118
Points: 12.3027 0 2.47517
Tanget: 0.29327 0 -0.95603
Nornmal 0.837134 -0.482972 0.256798
BiNormal: -0.461735 -0.875636 -0.141641
0.837392
0.83737
-0.461876
-0.461873
0.837392
0.837371
-0.461872
-0.461869
Points: 12.3174 0 2.42745
Tanget: 0.295416 0 -0.955369
Nornmal 0.836556 -0.482971 0.258677
BiNormal: -0.461415 -0.875636 -0.142677
0.836846
0.836864
-0.46158
-0.461578
0.836847
0.836865
-0.461583
-0.461581
Points: 12.3322 0 2.37997
Tanget: 0.297917 0 -0.954592
Nornmal 0.835876 -0.48297 0.260867
BiNormal: -0.461039 -0.875637 -0.143885
0.836233
0.836222
-0.461232
-0.461241
0.83623
0.836219
-0.46123
-0.461239
Points: 12.347 0 2.33273
Tanget: 0.30078 0 -0.953693
Nornmal 0.83509 -0.482968 0.263375
BiNormal: -0.460603 -0.875638 -0.145267
0.835485
0.835497
-0.460834
-0.460825
0.835487
0.835499
-0.460836
-0.460827
Points: 12.3619 0 2.28575
Tanget: 0.304012 0 -0.952668
Nornmal 0.834194 -0.482966 0.266205
BiNormal: -0.460106 -0.875639 -0.146827
0.834661
0.834656
-0.460364
-0.46035
0.834665
0.83466
-0.460363
-0.460349
Points: 12.3769 0 2.23907
Tanget: 0.307619 0 -0.95151
Nornmal 0.833181 -0.482963 0.269364
BiNormal: -0.459544 -0.875641 -0.148569
0.833704
0.833709
-0.459821
-0.459831
0.8337
0.833705
-0.459822
-0.459832
Points: 12.392 0 2.19269
Tanget: 0.31161 0 -0.95021
Nornmal 0.832044 -0.48296 0.272859
BiNormal: -0.458914 -0.875642 -0.150495
0.832626
0.832622
-0.459236
-0.459221
0.83263
0.832627
-0.459235
-0.45922
Points: 12.4072 0 2.14664
Tanget: 0.315993 0 -0.948762
Nornmal 0.830778 -0.482956 0.276697
BiNormal: -0.45821 -0.875645 -0.15261
0.831429
0.831436
-0.458559
-0.458563
0.831427
0.831433
-0.45856
-0.458564
Points: 12.4225 0 2.10095
Tanget: 0.320777 0 -0.947155
Nornmal 0.829373 -0.482951 0.280888
BiNormal: -0.45743 -0.875647 -0.15492
0.830096
0.830092
-0.457826
-0.457831
0.830093
0.830089
-0.457824
-0.457829
Points: 12.438 0 2.05562
Tanget: 0.325974 0 -0.945379
Nornmal 0.827821 -0.482946 0.285439
BiNormal: -0.456567 -0.87565 -0.157428
0.828609
0.82861
-0.457014
-0.457001
0.828612
0.828613
-0.457013
-0.457
Points: 12.4537 0 2.01069
Tanget: 0.331593 0 -0.943423
Nornmal 0.826112 -0.482939 0.29036
BiNormal: -0.455616 -0.875654 -0.160139
0.826978
0.826982
-0.456097
-0.456094
0.826978
0.826981
-0.456098
-0.456095
Points: 12.4695 0 1.96618
Tanget: 0.337645 0 -0.941273
Nornmal 0.824234 -0.482932 0.295662
BiNormal: -0.454571 -0.875658 -0.16306
0.825196
0.825199
-0.455108
-0.455111
0.825192
0.825196
-0.455108
-0.455112
Points: 12.4855 0 1.9221
Tanget: 0.344144 0 -0.938917
Nornmal 0.822175 -0.482923 0.301354
BiNormal: -0.453424 -0.875663 -0.166195
0.823217
0.82322
-0.454019
-0.453994
0.823224
0.823227
-0.454018
-0.453994
Points: 12.5016 0 1.87847
Tanget: 0.351102 0 -0.936337
Nornmal 0.819921 -0.482913 0.307449
BiNormal: -0.452169 -0.875669 -0.169551
0.821069
0.821068
-0.452802
-0.452805
0.821064
0.821064
-0.452801
-0.452804
Points: 12.518 0 1.83532
Tanget: 0.358531 0 -0.933518
Nornmal 0.817458 -0.482901 0.313957
BiNormal: -0.450796 -0.875675 -0.173135
0.818704
0.818711
-0.4515
-0.451482
0.818708
0.818714
-0.451501
-0.451483
Points: 12.5346 0 1.79267
Tanget: 0.366447 0 -0.930439
Nornmal 0.814769 -0.482887 0.320891
BiNormal: -0.449297 -0.875682 -0.176953
0.816139
0.816138
-0.45006
-0.450059
0.816135
0.816135
-0.450059
-0.450058
Points: 12.5514 0 1.75054
Tanget: 0.374863 0 -0.92708
Nornmal 0.811836 -0.482872 0.328264
BiNormal: -0.447661 -0.875691 -0.181011
0.813317
0.813329
-0.448499
-0.448481
0.81332
0.813333
-0.448502
-0.448483
Points: 12.5684 0 1.70895
Tanget: 0.383794 0 -0.923419
Nornmal 0.808638 -0.482855 0.336089
BiNormal: -0.445877 -0.8757 -0.185317
0.810261
0.810263
-0.446784
-0.44677
0.810262
0.810263
-0.446783
-0.446769
Points: 12.5857 0 1.66792
Tanget: 0.393257 0 -0.919429
Nornmal 0.805154 -0.482835 0.344379
BiNormal: -0.443933 -0.875711 -0.189878
0.806927
0.806935
-0.444925
-0.44491
0.806927
0.806935
-0.444925
-0.444911
Points: 12.6033 0 1.62748
Tanget: 0.403265 0 -0.915083
Nornmal 0.80136 -0.482813 0.353149
BiNormal: -0.441814 -0.875723 -0.194702
0.803286
0.803289
-0.442894
-0.442884
0.803283
0.803286
-0.442892
-0.442882
Points: 12.6211 0 1.58763
Tanget: 0.413835 0 -0.910352
Nornmal 0.797229 -0.482789 0.362411
BiNormal: -0.439507 -0.875737 -0.199795
0.799326
0.79934
-0.440691
-0.440679
0.799324
0.799337
-0.440694
-0.440681
Points: 12.6392 0 1.54841
Tanget: 0.424983 0 -0.905201
Nornmal 0.792732 -0.482761 0.37218
BiNormal: -0.436996 -0.875752 -0.205165
0.795021
0.795022
-0.438293
-0.438271
0.795023
0.795024
-0.43829
-0.438268
Points: 12.6577 0 1.50984
Tanget: 0.436723 0 -0.899596
Nornmal 0.787839 -0.482729 0.382468
BiNormal: -0.434261 -0.87577 -0.210819
0.790319
0.790333
-0.435664
-0.435635
0.790324
0.790338
-0.435667
-0.435638
Points: 12.6764 0 1.47193
Tanget: 0.44907 0 -0.893497
Nornmal 0.782515 -0.482694 0.39329
BiNormal: -0.431286 -0.875789 -0.216763
0.785226
0.785232
-0.432807
-0.432789
0.785223
0.785229
-0.432806
-0.432787
Points: 12.6954 0 1.43471
Tanget: 0.462038 0 -0.88686
Nornmal 0.776722 -0.482655 0.404658
BiNormal: -0.428047 -0.875811 -0.223005
0.779667
0.779678
-0.429709
-0.42969
0.779663
0.779673
-0.42971
-0.429691
Points: 12.7148 0 1.39819
Tanget: 0.475639 0 -0.879641
Nornmal 0.77042 -0.482611 0.416581
BiNormal: -0.424524 -0.875835 -0.229548
0.773628
0.773639
-0.426342
-0.426314
0.773629
0.773639
-0.426343
-0.426314
Points: 12.7345 0 1.36241
Tanget: 0.489883 0 -0.871788
Nornmal 0.763566 -0.482562 0.42907
BiNormal: -0.420692 -0.875862 -0.236399
0.767056
0.767063
-0.422669
-0.422642
0.767053
0.767061
-0.422667
-0.42264
Points: 12.7546 0 1.32737
Tanget: 0.50478 0 -0.863248
Nornmal 0.756112 -0.482508 0.442132
BiNormal: -0.416524 -0.875892 -0.24356
0.759909
0.759924
-0.418676
-0.418642
0.759911
0.759926
-0.41868
-0.418645
Points: 12.7751 0 1.29311
Tanget: 0.520333 0 -0.853963
Nornmal 0.748008 -0.482447 0.455773
BiNormal: -0.411992 -0.875925 -0.251033
0.752142
0.752153
-0.414329
-0.414305
0.752132
0.752143
-0.414329
-0.414305
Points: 12.7959 0 1.25964
Tanget: 0.536545 0 -0.843872
Nornmal 0.7392 -0.482379 0.469993
BiNormal: -0.407066 -0.875962 -0.258818
0.743685
0.7437
-0.409613
-0.409569
0.743692
0.743707
-0.409616
-0.409573
